iteration,x,y
1,42.4426,16.5976
1,39.0847,44.1636
1,51.6497,39.253
1,45.1556,18.9554
1,46.592,9.72022
1,44.8384,14.47
1,44.8459,14.4336
1,49.445,5.89453
1,48.1323,22.3458
1,43.0622,43.7892
1,48.2267,42.146
1,53.2023,3.37033
1,53.9207,34.6218
1,52.4369,26.2875
1,54.0529,29.7122
1,62.8419,2.39906
1,58.1451,2.2115
1,67.954,3.17469
1,34.0935,44.6235
1,75.8414,6.74072
1,72.4775,4.37648
1,70.665,-0.382911
1,30.82,41.5698
1,46.0389,3.72922
1,42.6423,22.4161
1,41.006,13.0122
1,43.0162,7.94018
1,40.655,18.1187
1,40.996,13.052
1,40.9385,39.9575
1,45.7956,38.8723
1,35.0015,40.5396
1,49.9224,0.585488
1,49.5339,35.11
1,47.3223,26.7044
1,49.8393,29.9602
1,59.8534,-1.78043
1,54.9965,-1.40035
1,65.3527,-1.31044
1,26.8205,44.6513
1,75.0158,1.13822
1,30.5182,46.5731
2,42.8543,18.9971
2,39.0847,44.1636
2,51.6497,39.253
2,45.1556,18.9554
2,46.592,9.72022
2,44.8384,14.47
2,44.8459,14.4336
2,49.445,5.89453
2,48.1323,22.3458
2,43.0622,43.7892
2,48.2267,42.146
2,53.2023,3.37033
2,53.9207,34.6218
2,52.4369,26.2875
2,54.0529,29.7122
2,62.8419,2.39906
2,58.1451,2.2115
2,67.954,3.17469
2,34.0935,44.6235
2,75.8414,6.74072
2,72.4775,4.37648
2,70.665,-0.382911
2,30.82,41.5698
2,46.0389,3.72922
2,42.6423,22.4161
2,41.006,13.0122
2,43.0162,7.94018
2,40.655,18.1187
2,40.996,13.052
2,40.9385,39.9575
2,45.7956,38.8723
2,35.0015,40.5396
2,49.9224,0.585488
2,49.5339,35.11
2,47.3223,26.7044
2,49.8393,29.9602
2,59.8534,-1.78043
2,54.9965,-1.40035
2,65.3527,-1.31044
2,26.8205,44.6513
2,75.0158,1.13822
2,30.5182,46.5731
2,25.0839,48.8409
3,43.9964,20.9857
3,39.0847,44.1636
3,51.6497,39.253
3,45.1556,18.9554
3,46.592,9.72022
3,44.8384,14.47
3,44.8459,14.4336
3,49.445,5.89453
3,48.1323,22.3458
3,43.0622,43.7892
3,48.2267,42.146
3,53.2023,3.37033
3,53.9207,34.6218
3,52.4369,26.2875
3,54.0529,29.7122
3,62.8419,2.39906
3,58.1451,2.2115
3,67.954,3.17469
3,34.0935,44.6235
3,75.8414,6.74072
3,72.4775,4.37648
3,70.665,-0.382911
3,30.82,41.5698
3,46.0389,3.72922
3,42.6423,22.4161
3,41.006,13.0122
3,43.0162,7.94018
3,40.655,18.1187
3,40.996,13.052
3,40.9385,39.9575
3,45.7956,38.8723
3,35.0015,40.5396
3,49.9224,0.585488
3,49.5339,35.11
3,47.3223,26.7044
3,49.8393,29.9602
3,59.8534,-1.78043
3,54.9965,-1.40035
3,65.3527,-1.31044
3,26.8205,44.6513
3,75.0158,1.13822
3,30.5182,46.5731
3,25.0839,48.8409
3,28.5417,51.8727
4,45.621,22.7027
4,39.0847,44.1636
4,51.6497,39.253
4,45.1556,18.9554
4,46.592,9.72022
4,44.8384,14.47
4,44.8459,14.4336
4,49.445,5.89453
4,48.1323,22.3458
4,43.0622,43.7892
4,48.2267,42.146
4,53.2023,3.37033
4,53.9207,34.6218
4,52.4369,26.2875
4,54.0529,29.7122
4,62.8419,2.39906
4,58.1451,2.2115
4,67.954,3.17469
4,34.0935,44.6235
4,75.8414,6.74072
4,72.4775,4.37648
4,70.665,-0.382911
4,30.82,41.5698
4,46.0389,3.72922
4,42.6423,22.4161
4,41.006,13.0122
4,43.0162,7.94018
4,40.655,18.1187
4,40.996,13.052
4,40.9385,39.9575
4,45.7956,38.8723
4,35.0015,40.5396
4,49.9224,0.585488
4,49.5339,35.11
4,47.3223,26.7044
4,49.8393,29.9602
4,59.8534,-1.78043
4,54.9965,-1.40035
4,65.3527,-1.31044
4,26.8205,44.6513
4,75.0158,1.13822
4,30.5182,46.5731
4,25.0839,48.8409
4,28.5417,51.8727
5,47.4806,24.2873
5,39.0847,44.1636
5,51.6497,39.253
5,45.1556,18.9554
5,46.592,9.72022
5,44.8384,14.47
5,44.8459,14.4336
5,49.445,5.89453
5,48.1323,22.3458
5,43.0622,43.7892
5,48.2267,42.146
5,53.2023,3.37033
5,53.9207,34.6218
5,52.4369,26.2875
5,54.0529,29.7122
5,62.8419,2.39906
5,58.1451,2.2115
5,67.954,3.17469
5,34.0935,44.6235
5,75.8414,6.74072
5,72.4775,4.37648
5,70.665,-0.382911
5,30.82,41.5698
5,46.0389,3.72922
5,42.6423,22.4161
5,41.006,13.0122
5,43.0162,7.94018
5,40.655,18.1187
5,40.996,13.052
5,40.9385,39.9575
5,45.7956,38.8723
5,35.0015,40.5396
5,49.9224,0.585488
5,49.5339,35.11
5,47.3223,26.7044
5,49.8393,29.9602
5,59.8534,-1.78043
5,54.9965,-1.40035
5,65.3527,-1.31044
5,26.8205,44.6513
5,75.0158,1.13822
5,30.5182,46.5731
5,25.0839,48.8409
5,28.5417,51.8727
5,78.6167,10.9315
5,80.4361,15.5035
6,49.3274,25.8787
6,39.0847,44.1636
6,51.6497,39.253
6,45.1556,18.9554
6,46.592,9.72022
6,44.8384,14.47
6,44.8459,14.4336
6,49.445,5.89453
6,48.1323,22.3458
6,43.0622,43.7892
6,48.2267,42.146
6,53.2023,3.37033
6,53.9207,34.6218
6,52.4369,26.2875
6,54.0529,29.7122
6,62.8419,2.39906
6,58.1451,2.2115
6,67.954,3.17469
6,34.0935,44.6235
6,75.8414,6.74072
6,72.4775,4.37648
6,70.665,-0.382911
6,30.82,41.5698
6,46.0389,3.72922
6,42.6423,22.4161
6,41.006,13.0122
6,43.0162,7.94018
6,40.655,18.1187
6,40.996,13.052
6,40.9385,39.9575
6,45.7956,38.8723
6,35.0015,40.5396
6,49.9224,0.585488
6,49.5339,35.11
6,47.3223,26.7044
6,49.8393,29.9602
6,59.8534,-1.78043
6,54.9965,-1.40035
6,65.3527,-1.31044
6,26.8205,44.6513
6,75.0158,1.13822
6,30.5182,46.5731
6,25.0839,48.8409
6,28.5417,51.8727
6,78.6167,10.9315
6,80.4361,15.5035
6,82.6295,20.1033
7,50.9137,27.6161
7,39.0847,44.1636
7,51.6497,39.253
7,45.1556,18.9554
7,46.592,9.72022
7,44.8384,14.47
7,44.8459,14.4336
7,49.445,5.89453
7,48.1323,22.3458
7,43.0622,43.7892
7,48.2267,42.146
7,53.2023,3.37033
7,53.9207,34.6218
7,52.4369,26.2875
7,54.0529,29.7122
7,62.8419,2.39906
7,58.1451,2.2115
7,67.954,3.17469
7,34.0935,44.6235
7,75.8414,6.74072
7,72.4775,4.37648
7,70.665,-0.382911
7,30.82,41.5698
7,46.0389,3.72922
7,42.6423,22.4161
7,41.006,13.0122
7,43.0162,7.94018
7,40.655,18.1187
7,40.996,13.052
7,40.9385,39.9575
7,45.7956,38.8723
7,35.0015,40.5396
7,49.9224,0.585488
7,49.5339,35.11
7,47.3223,26.7044
7,49.8393,29.9602
7,59.8534,-1.78043
7,54.9965,-1.40035
7,65.3527,-1.31044
7,26.8205,44.6513
7,75.0158,1.13822
7,30.5182,46.5731
7,25.0839,48.8409
7,28.5417,51.8727
7,78.6167,10.9315
7,80.4361,15.5035
7,82.6295,20.1033
7,84.5258,23.538
8,51.992,29.6389
8,39.0847,44.1636
8,51.6497,39.253
8,45.1556,18.9554
8,46.592,9.72022
8,44.8384,14.47
8,44.8459,14.4336
8,49.445,5.89453
8,48.1323,22.3458
8,43.0622,43.7892
8,48.2267,42.146
8,53.2023,3.37033
8,53.9207,34.6218
8,52.4369,26.2875
8,54.0529,29.7122
8,62.8419,2.39906
8,58.1451,2.2115
8,67.954,3.17469
8,34.0935,44.6235
8,75.8414,6.74072
8,72.4775,4.37648
8,70.665,-0.382911
8,30.82,41.5698
8,46.0389,3.72922
8,42.6423,22.4161
8,41.006,13.0122
8,43.0162,7.94018
8,40.655,18.1187
8,40.996,13.052
8,40.9385,39.9575
8,45.7956,38.8723
8,35.0015,40.5396
8,49.9224,0.585488
8,49.5339,35.11
8,47.3223,26.7044
8,49.8393,29.9602
8,59.8534,-1.78043
8,54.9965,-1.40035
8,65.3527,-1.31044
8,26.8205,44.6513
8,75.0158,1.13822
8,30.5182,46.5731
8,25.0839,48.8409
8,28.5417,51.8727
8,78.6167,10.9315
8,80.4361,15.5035
8,82.6295,20.1033
8,84.5258,23.538
9,52.3144,32.0862
9,39.0847,44.1636
9,51.6497,39.253
9,45.1556,18.9554
9,46.592,9.72022
9,44.8384,14.47
9,44.8459,14.4336
9,49.445,5.89453
9,48.1323,22.3458
9,43.0622,43.7892
9,48.2267,42.146
9,53.2023,3.37033
9,53.9207,34.6218
9,52.4369,26.2875
9,54.0529,29.7122
9,62.8419,2.39906
9,58.1451,2.2115
9,67.954,3.17469
9,34.0935,44.6235
9,75.8414,6.74072
9,72.4775,4.37648
9,70.665,-0.382911
9,30.82,41.5698
9,46.0389,3.72922
9,42.6423,22.4161
9,41.006,13.0122
9,43.0162,7.94018
9,40.655,18.1187
9,40.996,13.052
9,40.9385,39.9575
9,45.7956,38.8723
9,35.0015,40.5396
9,49.9224,0.585488
9,49.5339,35.11
9,47.3223,26.7044
9,49.8393,29.9602
9,59.8534,-1.78043
9,54.9965,-1.40035
9,65.3527,-1.31044
9,26.8205,44.6513
9,75.0158,1.13822
9,30.5182,46.5731
9,25.0839,48.8409
9,28.5417,51.8727
9,78.6167,10.9315
9,80.4361,15.5035
9,82.6295,20.1033
9,84.5258,23.538
9,28.2491,56.9103
10,51.7536,34.7668
10,39.0847,44.1636
10,51.6497,39.253
10,45.1556,18.9554
10,46.592,9.72022
10,44.8384,14.47
10,44.8459,14.4336
10,49.445,5.89453
10,48.1323,22.3458
10,43.0622,43.7892
10,48.2267,42.146
10,53.2023,3.37033
10,53.9207,34.6218
10,52.4369,26.2875
10,54.0529,29.7122
10,62.8419,2.39906
10,58.1451,2.2115
10,67.954,3.17469
10,34.0935,44.6235
10,75.8414,6.74072
10,72.4775,4.37648
10,70.665,-0.382911
10,30.82,41.5698
10,46.0389,3.72922
10,42.6423,22.4161
10,41.006,13.0122
10,43.0162,7.94018
10,40.655,18.1187
10,40.996,13.052
10,40.9385,39.9575
10,45.7956,38.8723
10,35.0015,40.5396
10,49.9224,0.585488
10,49.5339,35.11
10,47.3223,26.7044
10,49.8393,29.9602
10,59.8534,-1.78043
10,54.9965,-1.40035
10,65.3527,-1.31044
10,26.8205,44.6513
10,75.0158,1.13822
10,30.5182,46.5731
10,25.0839,48.8409
10,28.5417,51.8727
10,78.6167,10.9315
10,80.4361,15.5035
10,82.6295,20.1033
10,84.5258,23.538
10,28.2491,56.9103
10,24.2438,55.3671
11,49.9278,38.186
11,39.0847,44.1636
11,51.6497,39.253
11,45.1556,18.9554
11,46.592,9.72022
11,44.8384,14.47
11,44.8459,14.4336
11,49.445,5.89453
11,48.1323,22.3458
11,43.0622,43.7892
11,48.2267,42.146
11,53.2023,3.37033
11,53.9207,34.6218
11,52.4369,26.2875
11,54.0529,29.7122
11,62.8419,2.39906
11,58.1451,2.2115
11,67.954,3.17469
11,34.0935,44.6235
11,75.8414,6.74072
11,72.4775,4.37648
11,70.665,-0.382911
11,30.82,41.5698
11,46.0389,3.72922
11,42.6423,22.4161
11,41.006,13.0122
11,43.0162,7.94018
11,40.655,18.1187
11,40.996,13.052
11,40.9385,39.9575
11,45.7956,38.8723
11,35.0015,40.5396
11,49.9224,0.585488
11,49.5339,35.11
11,47.3223,26.7044
11,49.8393,29.9602
11,59.8534,-1.78043
11,54.9965,-1.40035
11,65.3527,-1.31044
11,26.8205,44.6513
11,75.0158,1.13822
11,30.5182,46.5731
11,25.0839,48.8409
11,28.5417,51.8727
11,78.6167,10.9315
11,80.4361,15.5035
11,82.6295,20.1033
11,84.5258,23.538
11,28.2491,56.9103
11,24.2438,55.3671
11,30.4256,65.4337
11,33.6888,69.1398
11,28.7149,61.6141
11,24.4801,60.7007
12,47.4862,40.3043
12,39.0847,44.1636
12,51.6497,39.253
12,45.1556,18.9554
12,46.592,9.72022
12,44.8384,14.47
12,44.8459,14.4336
12,49.445,5.89453
12,48.1323,22.3458
12,43.0622,43.7892
12,48.2267,42.146
12,53.2023,3.37033
12,53.9207,34.6218
12,52.4369,26.2875
12,54.0529,29.7122
12,62.8419,2.39906
12,58.1451,2.2115
12,67.954,3.17469
12,34.0935,44.6235
12,75.8414,6.74072
12,72.4775,4.37648
12,70.665,-0.382911
12,30.82,41.5698
12,46.0389,3.72922
12,42.6423,22.4161
12,41.006,13.0122
12,43.0162,7.94018
12,40.655,18.1187
12,40.996,13.052
12,40.9385,39.9575
12,45.7956,38.8723
12,35.0015,40.5396
12,49.9224,0.585488
12,49.5339,35.11
12,47.3223,26.7044
12,49.8393,29.9602
12,59.8534,-1.78043
12,54.9965,-1.40035
12,65.3527,-1.31044
12,26.8205,44.6513
12,75.0158,1.13822
12,30.5182,46.5731
12,25.0839,48.8409
12,28.5417,51.8727
12,78.6167,10.9315
12,80.4361,15.5035
12,82.6295,20.1033
12,84.5258,23.538
12,28.2491,56.9103
12,24.2438,55.3671
12,30.4256,65.4337
12,33.6888,69.1398
12,28.7149,61.6141
12,24.4801,60.7007
12,37.006,71.8922
12,28.3375,69.2759
12,25.8955,65.3983
13,44.6039,41.456
13,39.0847,44.1636
13,51.6497,39.253
13,45.1556,18.9554
13,46.592,9.72022
13,44.8384,14.47
13,44.8459,14.4336
13,49.445,5.89453
13,48.1323,22.3458
13,43.0622,43.7892
13,48.2267,42.146
13,53.2023,3.37033
13,53.9207,34.6218
13,52.4369,26.2875
13,54.0529,29.7122
13,62.8419,2.39906
13,58.1451,2.2115
13,67.954,3.17469
13,34.0935,44.6235
13,75.8414,6.74072
13,72.4775,4.37648
13,70.665,-0.382911
13,30.82,41.5698
13,46.0389,3.72922
13,42.6423,22.4161
13,41.006,13.0122
13,43.0162,7.94018
13,40.655,18.1187
13,40.996,13.052
13,40.9385,39.9575
13,45.7956,38.8723
13,35.0015,40.5396
13,49.9224,0.585488
13,49.5339,35.11
13,47.3223,26.7044
13,49.8393,29.9602
13,59.8534,-1.78043
13,54.9965,-1.40035
13,65.3527,-1.31044
13,26.8205,44.6513
13,75.0158,1.13822
13,30.5182,46.5731
13,25.0839,48.8409
13,28.5417,51.8727
13,78.6167,10.9315
13,80.4361,15.5035
13,82.6295,20.1033
13,84.5258,23.538
13,28.2491,56.9103
13,24.2438,55.3671
13,30.4256,65.4337
13,33.6888,69.1398
13,28.7149,61.6141
13,24.4801,60.7007
13,37.006,71.8922
13,28.3375,69.2759
13,25.8955,65.3983
13,41.1634,74.789
13,32.0806,73.1525
14,41.4559,41.9752
14,39.0847,44.1636
14,51.6497,39.253
14,45.1556,18.9554
14,46.592,9.72022
14,44.8384,14.47
14,44.8459,14.4336
14,49.445,5.89453
14,48.1323,22.3458
14,43.0622,43.7892
14,48.2267,42.146
14,53.2023,3.37033
14,53.9207,34.6218
14,52.4369,26.2875
14,54.0529,29.7122
14,62.8419,2.39906
14,58.1451,2.2115
14,67.954,3.17469
14,34.0935,44.6235
14,75.8414,6.74072
14,72.4775,4.37648
14,70.665,-0.382911
14,30.82,41.5698
14,46.0389,3.72922
14,42.6423,22.4161
14,41.006,13.0122
14,43.0162,7.94018
14,40.655,18.1187
14,40.996,13.052
14,40.9385,39.9575
14,45.7956,38.8723
14,35.0015,40.5396
14,49.9224,0.585488
14,49.5339,35.11
14,47.3223,26.7044
14,49.8393,29.9602
14,59.8534,-1.78043
14,54.9965,-1.40035
14,65.3527,-1.31044
14,26.8205,44.6513
14,75.0158,1.13822
14,30.5182,46.5731
14,25.0839,48.8409
14,28.5417,51.8727
14,78.6167,10.9315
14,80.4361,15.5035
14,82.6295,20.1033
14,84.5258,23.538
14,28.2491,56.9103
14,24.2438,55.3671
14,30.4256,65.4337
14,33.6888,69.1398
14,28.7149,61.6141
14,24.4801,60.7007
14,37.006,71.8922
14,28.3375,69.2759
14,25.8955,65.3983
14,41.1634,74.789
14,32.0806,73.1525
14,35.7714,76.0154
15,38.2172,42.1962
15,39.0847,44.1636
15,51.6497,39.253
15,45.1556,18.9554
15,46.592,9.72022
15,44.8384,14.47
15,44.8459,14.4336
15,49.445,5.89453
15,48.1323,22.3458
15,43.0622,43.7892
15,48.2267,42.146
15,53.2023,3.37033
15,53.9207,34.6218
15,52.4369,26.2875
15,54.0529,29.7122
15,62.8419,2.39906
15,58.1451,2.2115
15,67.954,3.17469
15,34.0935,44.6235
15,75.8414,6.74072
15,72.4775,4.37648
15,70.665,-0.382911
15,30.82,41.5698
15,46.0389,3.72922
15,42.6423,22.4161
15,41.006,13.0122
15,43.0162,7.94018
15,40.655,18.1187
15,40.996,13.052
15,40.9385,39.9575
15,45.7956,38.8723
15,35.0015,40.5396
15,49.9224,0.585488
15,49.5339,35.11
15,47.3223,26.7044
15,49.8393,29.9602
15,59.8534,-1.78043
15,54.9965,-1.40035
15,65.3527,-1.31044
15,26.8205,44.6513
15,75.0158,1.13822
15,30.5182,46.5731
15,25.0839,48.8409
15,28.5417,51.8727
15,78.6167,10.9315
15,80.4361,15.5035
15,82.6295,20.1033
15,84.5258,23.538
15,28.2491,56.9103
15,24.2438,55.3671
15,30.4256,65.4337
15,33.6888,69.1398
15,28.7149,61.6141
15,24.4801,60.7007
15,37.006,71.8922
15,28.3375,69.2759
15,25.8955,65.3983
15,41.1634,74.789
15,32.0806,73.1525
15,35.7714,76.0154
16,35.063,42.4531
16,39.0847,44.1636
16,51.6497,39.253
16,45.1556,18.9554
16,46.592,9.72022
16,44.8384,14.47
16,44.8459,14.4336
16,49.445,5.89453
16,48.1323,22.3458
16,43.0622,43.7892
16,48.2267,42.146
16,53.2023,3.37033
16,53.9207,34.6218
16,52.4369,26.2875
16,54.0529,29.7122
16,62.8419,2.39906
16,58.1451,2.2115
16,67.954,3.17469
16,34.0935,44.6235
16,75.8414,6.74072
16,72.4775,4.37648
16,70.665,-0.382911
16,30.82,41.5698
16,46.0389,3.72922
16,42.6423,22.4161
16,41.006,13.0122
16,43.0162,7.94018
16,40.655,18.1187
16,40.996,13.052
16,40.9385,39.9575
16,45.7956,38.8723
16,35.0015,40.5396
16,49.9224,0.585488
16,49.5339,35.11
16,47.3223,26.7044
16,49.8393,29.9602
16,59.8534,-1.78043
16,54.9965,-1.40035
16,65.3527,-1.31044
16,26.8205,44.6513
16,75.0158,1.13822
16,30.5182,46.5731
16,25.0839,48.8409
16,28.5417,51.8727
16,78.6167,10.9315
16,80.4361,15.5035
16,82.6295,20.1033
16,84.5258,23.538
16,28.2491,56.9103
16,24.2438,55.3671
16,30.4256,65.4337
16,33.6888,69.1398
16,28.7149,61.6141
16,24.4801,60.7007
16,37.006,71.8922
16,28.3375,69.2759
16,25.8955,65.3983
16,41.1634,74.789
16,32.0806,73.1525
16,35.7714,76.0154
17,32.1682,43.08
17,39.0847,44.1636
17,51.6497,39.253
17,45.1556,18.9554
17,46.592,9.72022
17,44.8384,14.47
17,44.8459,14.4336
17,49.445,5.89453
17,48.1323,22.3458
17,43.0622,43.7892
17,48.2267,42.146
17,53.2023,3.37033
17,53.9207,34.6218
17,52.4369,26.2875
17,54.0529,29.7122
17,62.8419,2.39906
17,58.1451,2.2115
17,67.954,3.17469
17,34.0935,44.6235
17,75.8414,6.74072
17,72.4775,4.37648
17,70.665,-0.382911
17,30.82,41.5698
17,46.0389,3.72922
17,42.6423,22.4161
17,41.006,13.0122
17,43.0162,7.94018
17,40.655,18.1187
17,40.996,13.052
17,40.9385,39.9575
17,45.7956,38.8723
17,35.0015,40.5396
17,49.9224,0.585488
17,49.5339,35.11
17,47.3223,26.7044
17,49.8393,29.9602
17,59.8534,-1.78043
17,54.9965,-1.40035
17,65.3527,-1.31044
17,26.8205,44.6513
17,75.0158,1.13822
17,30.5182,46.5731
17,25.0839,48.8409
17,28.5417,51.8727
17,78.6167,10.9315
17,80.4361,15.5035
17,82.6295,20.1033
17,84.5258,23.538
17,28.2491,56.9103
17,24.2438,55.3671
17,30.4256,65.4337
17,33.6888,69.1398
17,28.7149,61.6141
17,24.4801,60.7007
17,37.006,71.8922
17,28.3375,69.2759
17,25.8955,65.3983
17,41.1634,74.789
17,32.0806,73.1525
17,35.7714,76.0154
18,29.7079,44.4113
18,39.0847,44.1636
18,51.6497,39.253
18,45.1556,18.9554
18,46.592,9.72022
18,44.8384,14.47
18,44.8459,14.4336
18,49.445,5.89453
18,48.1323,22.3458
18,43.0622,43.7892
18,48.2267,42.146
18,53.2023,3.37033
18,53.9207,34.6218
18,52.4369,26.2875
18,54.0529,29.7122
18,62.8419,2.39906
18,58.1451,2.2115
18,67.954,3.17469
18,34.0935,44.6235
18,75.8414,6.74072
18,72.4775,4.37648
18,70.665,-0.382911
18,30.82,41.5698
18,46.0389,3.72922
18,42.6423,22.4161
18,41.006,13.0122
18,43.0162,7.94018
18,40.655,18.1187
18,40.996,13.052
18,40.9385,39.9575
18,45.7956,38.8723
18,35.0015,40.5396
18,49.9224,0.585488
18,49.5339,35.11
18,47.3223,26.7044
18,49.8393,29.9602
18,59.8534,-1.78043
18,54.9965,-1.40035
18,65.3527,-1.31044
18,26.8205,44.6513
18,75.0158,1.13822
18,30.5182,46.5731
18,25.0839,48.8409
18,28.5417,51.8727
18,78.6167,10.9315
18,80.4361,15.5035
18,82.6295,20.1033
18,84.5258,23.538
18,28.2491,56.9103
18,24.2438,55.3671
18,30.4256,65.4337
18,33.6888,69.1398
18,28.7149,61.6141
18,24.4801,60.7007
18,37.006,71.8922
18,28.3375,69.2759
18,25.8955,65.3983
18,41.1634,74.789
18,32.0806,73.1525
18,35.7714,76.0154
19,27.8572,46.781
19,39.0847,44.1636
19,51.6497,39.253
19,45.1556,18.9554
19,46.592,9.72022
19,44.8384,14.47
19,44.8459,14.4336
19,49.445,5.89453
19,48.1323,22.3458
19,43.0622,43.7892
19,48.2267,42.146
19,53.2023,3.37033
19,53.9207,34.6218
19,52.4369,26.2875
19,54.0529,29.7122
19,62.8419,2.39906
19,58.1451,2.2115
19,67.954,3.17469
19,34.0935,44.6235
19,75.8414,6.74072
19,72.4775,4.37648
19,70.665,-0.382911
19,30.82,41.5698
19,46.0389,3.72922
19,42.6423,22.4161
19,41.006,13.0122
19,43.0162,7.94018
19,40.655,18.1187
19,40.996,13.052
19,40.9385,39.9575
19,45.7956,38.8723
19,35.0015,40.5396
19,49.9224,0.585488
19,49.5339,35.11
19,47.3223,26.7044
19,49.8393,29.9602
19,59.8534,-1.78043
19,54.9965,-1.40035
19,65.3527,-1.31044
19,26.8205,44.6513
19,75.0158,1.13822
19,30.5182,46.5731
19,25.0839,48.8409
19,28.5417,51.8727
19,78.6167,10.9315
19,80.4361,15.5035
19,82.6295,20.1033
19,84.5258,23.538
19,28.2491,56.9103
19,24.2438,55.3671
19,30.4256,65.4337
19,33.6888,69.1398
19,28.7149,61.6141
19,24.4801,60.7007
19,37.006,71.8922
19,28.3375,69.2759
19,25.8955,65.3983
19,41.1634,74.789
19,32.0806,73.1525
19,35.7714,76.0154
19,40.3987,79.0337
20,26.8573,50.0778
20,39.0847,44.1636
20,51.6497,39.253
20,45.1556,18.9554
20,46.592,9.72022
20,44.8384,14.47
20,44.8459,14.4336
20,49.445,5.89453
20,48.1323,22.3458
20,43.0622,43.7892
20,48.2267,42.146
20,53.2023,3.37033
20,53.9207,34.6218
20,52.4369,26.2875
20,54.0529,29.7122
20,62.8419,2.39906
20,58.1451,2.2115
20,67.954,3.17469
20,34.0935,44.6235
20,75.8414,6.74072
20,72.4775,4.37648
20,70.665,-0.382911
20,30.82,41.5698
20,46.0389,3.72922
20,42.6423,22.4161
20,41.006,13.0122
20,43.0162,7.94018
20,40.655,18.1187
20,40.996,13.052
20,40.9385,39.9575
20,45.7956,38.8723
20,35.0015,40.5396
20,49.9224,0.585488
20,49.5339,35.11
20,47.3223,26.7044
20,49.8393,29.9602
20,59.8534,-1.78043
20,54.9965,-1.40035
20,65.3527,-1.31044
20,26.8205,44.6513
20,75.0158,1.13822
20,30.5182,46.5731
20,25.0839,48.8409
20,28.5417,51.8727
20,78.6167,10.9315
20,80.4361,15.5035
20,82.6295,20.1033
20,84.5258,23.538
20,28.2491,56.9103
20,24.2438,55.3671
20,30.4256,65.4337
20,33.6888,69.1398
20,28.7149,61.6141
20,24.4801,60.7007
20,37.006,71.8922
20,28.3375,69.2759
20,25.8955,65.3983
20,41.1634,74.789
20,32.0806,73.1525
20,35.7714,76.0154
20,40.3987,79.0337
20,45.1294,77.3236
21,26.2692,56.1437
21,39.0847,44.1636
21,51.6497,39.253
21,45.1556,18.9554
21,46.592,9.72022
21,44.8384,14.47
21,44.8459,14.4336
21,49.445,5.89453
21,48.1323,22.3458
21,43.0622,43.7892
21,48.2267,42.146
21,53.2023,3.37033
21,53.9207,34.6218
21,52.4369,26.2875
21,54.0529,29.7122
21,62.8419,2.39906
21,58.1451,2.2115
21,67.954,3.17469
21,34.0935,44.6235
21,75.8414,6.74072
21,72.4775,4.37648
21,70.665,-0.382911
21,30.82,41.5698
21,46.0389,3.72922
21,42.6423,22.4161
21,41.006,13.0122
21,43.0162,7.94018
21,40.655,18.1187
21,40.996,13.052
21,40.9385,39.9575
21,45.7956,38.8723
21,35.0015,40.5396
21,49.9224,0.585488
21,49.5339,35.11
21,47.3223,26.7044
21,49.8393,29.9602
21,59.8534,-1.78043
21,54.9965,-1.40035
21,65.3527,-1.31044
21,26.8205,44.6513
21,75.0158,1.13822
21,30.5182,46.5731
21,25.0839,48.8409
21,28.5417,51.8727
21,78.6167,10.9315
21,80.4361,15.5035
21,82.6295,20.1033
21,84.5258,23.538
21,28.2491,56.9103
21,24.2438,55.3671
21,30.4256,65.4337
21,33.6888,69.1398
21,28.7149,61.6141
21,24.4801,60.7007
21,37.006,71.8922
21,28.3375,69.2759
21,25.8955,65.3983
21,41.1634,74.789
21,32.0806,73.1525
21,35.7714,76.0154
21,40.3987,79.0337
21,45.1294,77.3236
21,49.2362,80.0059
21,44.7376,81.743
22,26.6381,61.0466
22,39.0847,44.1636
22,51.6497,39.253
22,45.1556,18.9554
22,46.592,9.72022
22,44.8384,14.47
22,44.8459,14.4336
22,49.445,5.89453
22,48.1323,22.3458
22,43.0622,43.7892
22,48.2267,42.146
22,53.2023,3.37033
22,53.9207,34.6218
22,52.4369,26.2875
22,54.0529,29.7122
22,62.8419,2.39906
22,58.1451,2.2115
22,67.954,3.17469
22,34.0935,44.6235
22,75.8414,6.74072
22,72.4775,4.37648
22,70.665,-0.382911
22,30.82,41.5698
22,46.0389,3.72922
22,42.6423,22.4161
22,41.006,13.0122
22,43.0162,7.94018
22,40.655,18.1187
22,40.996,13.052
22,40.9385,39.9575
22,45.7956,38.8723
22,35.0015,40.5396
22,49.9224,0.585488
22,49.5339,35.11
22,47.3223,26.7044
22,49.8393,29.9602
22,59.8534,-1.78043
22,54.9965,-1.40035
22,65.3527,-1.31044
22,26.8205,44.6513
22,75.0158,1.13822
22,30.5182,46.5731
22,25.0839,48.8409
22,28.5417,51.8727
22,78.6167,10.9315
22,80.4361,15.5035
22,82.6295,20.1033
22,84.5258,23.538
22,28.2491,56.9103
22,24.2438,55.3671
22,30.4256,65.4337
22,33.6888,69.1398
22,28.7149,61.6141
22,24.4801,60.7007
22,37.006,71.8922
22,28.3375,69.2759
22,25.8955,65.3983
22,41.1634,74.789
22,32.0806,73.1525
22,35.7714,76.0154
22,40.3987,79.0337
22,45.1294,77.3236
22,49.2362,80.0059
22,44.7376,81.743
22,53.2409,82.9459
22,49.0707,84.7456
23,27.8835,65.0204
23,39.0847,44.1636
23,51.6497,39.253
23,45.1556,18.9554
23,46.592,9.72022
23,44.8384,14.47
23,44.8459,14.4336
23,49.445,5.89453
23,48.1323,22.3458
23,43.0622,43.7892
23,48.2267,42.146
23,53.2023,3.37033
23,53.9207,34.6218
23,52.4369,26.2875
23,54.0529,29.7122
23,62.8419,2.39906
23,58.1451,2.2115
23,67.954,3.17469
23,34.0935,44.6235
23,75.8414,6.74072
23,72.4775,4.37648
23,70.665,-0.382911
23,30.82,41.5698
23,46.0389,3.72922
23,42.6423,22.4161
23,41.006,13.0122
23,43.0162,7.94018
23,40.655,18.1187
23,40.996,13.052
23,40.9385,39.9575
23,45.7956,38.8723
23,35.0015,40.5396
23,49.9224,0.585488
23,49.5339,35.11
23,47.3223,26.7044
23,49.8393,29.9602
23,59.8534,-1.78043
23,54.9965,-1.40035
23,65.3527,-1.31044
23,26.8205,44.6513
23,75.0158,1.13822
23,30.5182,46.5731
23,25.0839,48.8409
23,28.5417,51.8727
23,78.6167,10.9315
23,80.4361,15.5035
23,82.6295,20.1033
23,84.5258,23.538
23,28.2491,56.9103
23,24.2438,55.3671
23,30.4256,65.4337
23,33.6888,69.1398
23,28.7149,61.6141
23,24.4801,60.7007
23,37.006,71.8922
23,28.3375,69.2759
23,25.8955,65.3983
23,41.1634,74.789
23,32.0806,73.1525
23,35.7714,76.0154
23,40.3987,79.0337
23,45.1294,77.3236
23,49.2362,80.0059
23,44.7376,81.743
23,53.2409,82.9459
23,49.0707,84.7456
23,53.2009,88.0711
24,29.9249,68.2992
24,39.0847,44.1636
24,51.6497,39.253
24,45.1556,18.9554
24,46.592,9.72022
24,44.8384,14.47
24,44.8459,14.4336
24,49.445,5.89453
24,48.1323,22.3458
24,43.0622,43.7892
24,48.2267,42.146
24,53.2023,3.37033
24,53.9207,34.6218
24,52.4369,26.2875
24,54.0529,29.7122
24,62.8419,2.39906
24,58.1451,2.2115
24,67.954,3.17469
24,34.0935,44.6235
24,75.8414,6.74072
24,72.4775,4.37648
24,70.665,-0.382911
24,30.82,41.5698
24,46.0389,3.72922
24,42.6423,22.4161
24,41.006,13.0122
24,43.0162,7.94018
24,40.655,18.1187
24,40.996,13.052
24,40.9385,39.9575
24,45.7956,38.8723
24,35.0015,40.5396
24,49.9224,0.585488
24,49.5339,35.11
24,47.3223,26.7044
24,49.8393,29.9602
24,59.8534,-1.78043
24,54.9965,-1.40035
24,65.3527,-1.31044
24,26.8205,44.6513
24,75.0158,1.13822
24,30.5182,46.5731
24,25.0839,48.8409
24,28.5417,51.8727
24,78.6167,10.9315
24,80.4361,15.5035
24,82.6295,20.1033
24,84.5258,23.538
24,28.2491,56.9103
24,24.2438,55.3671
24,30.4256,65.4337
24,33.6888,69.1398
24,28.7149,61.6141
24,24.4801,60.7007
24,37.006,71.8922
24,28.3375,69.2759
24,25.8955,65.3983
24,41.1634,74.789
24,32.0806,73.1525
24,35.7714,76.0154
24,40.3987,79.0337
24,45.1294,77.3236
24,49.2362,80.0059
24,44.7376,81.743
24,53.2409,82.9459
24,49.0707,84.7456
24,53.2009,88.0711
24,56.4224,85.4449
24,56.6375,90.7564
25,32.6821,71.1168
25,39.0847,44.1636
25,51.6497,39.253
25,45.1556,18.9554
25,46.592,9.72022
25,44.8384,14.47
25,44.8459,14.4336
25,49.445,5.89453
25,48.1323,22.3458
25,43.0622,43.7892
25,48.2267,42.146
25,53.2023,3.37033
25,53.9207,34.6218
25,52.4369,26.2875
25,54.0529,29.7122
25,62.8419,2.39906
25,58.1451,2.2115
25,67.954,3.17469
25,34.0935,44.6235
25,75.8414,6.74072
25,72.4775,4.37648
25,70.665,-0.382911
25,30.82,41.5698
25,46.0389,3.72922
25,42.6423,22.4161
25,41.006,13.0122
25,43.0162,7.94018
25,40.655,18.1187
25,40.996,13.052
25,40.9385,39.9575
25,45.7956,38.8723
25,35.0015,40.5396
25,49.9224,0.585488
25,49.5339,35.11
25,47.3223,26.7044
25,49.8393,29.9602
25,59.8534,-1.78043
25,54.9965,-1.40035
25,65.3527,-1.31044
25,26.8205,44.6513
25,75.0158,1.13822
25,30.5182,46.5731
25,25.0839,48.8409
25,28.5417,51.8727
25,78.6167,10.9315
25,80.4361,15.5035
25,82.6295,20.1033
25,84.5258,23.538
25,28.2491,56.9103
25,24.2438,55.3671
25,30.4256,65.4337
25,33.6888,69.1398
25,28.7149,61.6141
25,24.4801,60.7007
25,37.006,71.8922
25,28.3375,69.2759
25,25.8955,65.3983
25,41.1634,74.789
25,32.0806,73.1525
25,35.7714,76.0154
25,40.3987,79.0337
25,45.1294,77.3236
25,49.2362,80.0059
25,44.7376,81.743
25,53.2409,82.9459
25,49.0707,84.7456
25,53.2009,88.0711
25,56.4224,85.4449
25,56.6375,90.7564
25,61.0952,88.8573
26,36.0746,73.7072
26,39.0847,44.1636
26,51.6497,39.253
26,45.1556,18.9554
26,46.592,9.72022
26,44.8384,14.47
26,44.8459,14.4336
26,49.445,5.89453
26,48.1323,22.3458
26,43.0622,43.7892
26,48.2267,42.146
26,53.2023,3.37033
26,53.9207,34.6218
26,52.4369,26.2875
26,54.0529,29.7122
26,62.8419,2.39906
26,58.1451,2.2115
26,67.954,3.17469
26,34.0935,44.6235
26,75.8414,6.74072
26,72.4775,4.37648
26,70.665,-0.382911
26,30.82,41.5698
26,46.0389,3.72922
26,42.6423,22.4161
26,41.006,13.0122
26,43.0162,7.94018
26,40.655,18.1187
26,40.996,13.052
26,40.9385,39.9575
26,45.7956,38.8723
26,35.0015,40.5396
26,49.9224,0.585488
26,49.5339,35.11
26,47.3223,26.7044
26,49.8393,29.9602
26,59.8534,-1.78043
26,54.9965,-1.40035
26,65.3527,-1.31044
26,26.8205,44.6513
26,75.0158,1.13822
26,30.5182,46.5731
26,25.0839,48.8409
26,28.5417,51.8727
26,78.6167,10.9315
26,80.4361,15.5035
26,82.6295,20.1033
26,84.5258,23.538
26,28.2491,56.9103
26,24.2438,55.3671
26,30.4256,65.4337
26,33.6888,69.1398
26,28.7149,61.6141
26,24.4801,60.7007
26,37.006,71.8922
26,28.3375,69.2759
26,25.8955,65.3983
26,41.1634,74.789
26,32.0806,73.1525
26,35.7714,76.0154
26,40.3987,79.0337
26,45.1294,77.3236
26,49.2362,80.0059
26,44.7376,81.743
26,53.2409,82.9459
26,49.0707,84.7456
26,53.2009,88.0711
26,56.4224,85.4449
26,56.6375,90.7564
26,61.0952,88.8573
26,64.9886,91.0792
26,62.0432,94.1119
27,40.0219,76.3044
27,39.0847,44.1636
27,51.6497,39.253
27,45.1556,18.9554
27,46.592,9.72022
27,44.8384,14.47
27,44.8459,14.4336
27,49.445,5.89453
27,48.1323,22.3458
27,43.0622,43.7892
27,48.2267,42.146
27,53.2023,3.37033
27,53.9207,34.6218
27,52.4369,26.2875
27,54.0529,29.7122
27,62.8419,2.39906
27,58.1451,2.2115
27,67.954,3.17469
27,34.0935,44.6235
27,75.8414,6.74072
27,72.4775,4.37648
27,70.665,-0.382911
27,30.82,41.5698
27,46.0389,3.72922
27,42.6423,22.4161
27,41.006,13.0122
27,43.0162,7.94018
27,40.655,18.1187
27,40.996,13.052
27,40.9385,39.9575
27,45.7956,38.8723
27,35.0015,40.5396
27,49.9224,0.585488
27,49.5339,35.11
27,47.3223,26.7044
27,49.8393,29.9602
27,59.8534,-1.78043
27,54.9965,-1.40035
27,65.3527,-1.31044
27,26.8205,44.6513
27,75.0158,1.13822
27,30.5182,46.5731
27,25.0839,48.8409
27,28.5417,51.8727
27,78.6167,10.9315
27,80.4361,15.5035
27,82.6295,20.1033
27,84.5258,23.538
27,28.2491,56.9103
27,24.2438,55.3671
27,30.4256,65.4337
27,33.6888,69.1398
27,28.7149,61.6141
27,24.4801,60.7007
27,37.006,71.8922
27,28.3375,69.2759
27,25.8955,65.3983
27,41.1634,74.789
27,32.0806,73.1525
27,35.7714,76.0154
27,40.3987,79.0337
27,45.1294,77.3236
27,49.2362,80.0059
27,44.7376,81.743
27,53.2409,82.9459
27,49.0707,84.7456
27,53.2009,88.0711
27,56.4224,85.4449
27,56.6375,90.7564
27,61.0952,88.8573
27,64.9886,91.0792
27,62.0432,94.1119
27,69.2827,92.6945
27,66.5937,95.9307
28,44.4437,79.1423
28,39.0847,44.1636
28,51.6497,39.253
28,45.1556,18.9554
28,46.592,9.72022
28,44.8384,14.47
28,44.8459,14.4336
28,49.445,5.89453
28,48.1323,22.3458
28,43.0622,43.7892
28,48.2267,42.146
28,53.2023,3.37033
28,53.9207,34.6218
28,52.4369,26.2875
28,54.0529,29.7122
28,62.8419,2.39906
28,58.1451,2.2115
28,67.954,3.17469
28,34.0935,44.6235
28,75.8414,6.74072
28,72.4775,4.37648
28,70.665,-0.382911
28,30.82,41.5698
28,46.0389,3.72922
28,42.6423,22.4161
28,41.006,13.0122
28,43.0162,7.94018
28,40.655,18.1187
28,40.996,13.052
28,40.9385,39.9575
28,45.7956,38.8723
28,35.0015,40.5396
28,49.9224,0.585488
28,49.5339,35.11
28,47.3223,26.7044
28,49.8393,29.9602
28,59.8534,-1.78043
28,54.9965,-1.40035
28,65.3527,-1.31044
28,26.8205,44.6513
28,75.0158,1.13822
28,30.5182,46.5731
28,25.0839,48.8409
28,28.5417,51.8727
28,78.6167,10.9315
28,80.4361,15.5035
28,82.6295,20.1033
28,84.5258,23.538
28,28.2491,56.9103
28,24.2438,55.3671
28,30.4256,65.4337
28,33.6888,69.1398
28,28.7149,61.6141
28,24.4801,60.7007
28,37.006,71.8922
28,28.3375,69.2759
28,25.8955,65.3983
28,41.1634,74.789
28,32.0806,73.1525
28,35.7714,76.0154
28,40.3987,79.0337
28,45.1294,77.3236
28,49.2362,80.0059
28,44.7376,81.743
28,53.2409,82.9459
28,49.0707,84.7456
28,53.2009,88.0711
28,56.4224,85.4449
28,56.6375,90.7564
28,61.0952,88.8573
28,64.9886,91.0792
28,62.0432,94.1119
28,69.2827,92.6945
28,66.5937,95.9307
28,74.1138,94.0478
28,71.3492,97.2866
29,49.2595,82.4549
29,39.0847,44.1636
29,51.6497,39.253
29,45.1556,18.9554
29,46.592,9.72022
29,44.8384,14.47
29,44.8459,14.4336
29,49.445,5.89453
29,48.1323,22.3458
29,43.0622,43.7892
29,48.2267,42.146
29,53.2023,3.37033
29,53.9207,34.6218
29,52.4369,26.2875
29,54.0529,29.7122
29,62.8419,2.39906
29,58.1451,2.2115
29,67.954,3.17469
29,34.0935,44.6235
29,75.8414,6.74072
29,72.4775,4.37648
29,70.665,-0.382911
29,30.82,41.5698
29,46.0389,3.72922
29,42.6423,22.4161
29,41.006,13.0122
29,43.0162,7.94018
29,40.655,18.1187
29,40.996,13.052
29,40.9385,39.9575
29,45.7956,38.8723
29,35.0015,40.5396
29,49.9224,0.585488
29,49.5339,35.11
29,47.3223,26.7044
29,49.8393,29.9602
29,59.8534,-1.78043
29,54.9965,-1.40035
29,65.3527,-1.31044
29,26.8205,44.6513
29,75.0158,1.13822
29,30.5182,46.5731
29,25.0839,48.8409
29,28.5417,51.8727
29,78.6167,10.9315
29,80.4361,15.5035
29,82.6295,20.1033
29,84.5258,23.538
29,28.2491,56.9103
29,24.2438,55.3671
29,30.4256,65.4337
29,33.6888,69.1398
29,28.7149,61.6141
29,24.4801,60.7007
29,37.006,71.8922
29,28.3375,69.2759
29,25.8955,65.3983
29,41.1634,74.789
29,32.0806,73.1525
29,35.7714,76.0154
29,40.3987,79.0337
29,45.1294,77.3236
29,49.2362,80.0059
29,44.7376,81.743
29,53.2409,82.9459
29,49.0707,84.7456
29,53.2009,88.0711
29,56.4224,85.4449
29,56.6375,90.7564
29,61.0952,88.8573
29,64.9886,91.0792
29,62.0432,94.1119
29,69.2827,92.6945
29,66.5937,95.9307
29,74.1138,94.0478
29,71.3492,97.2866
29,78.1869,95.5363
29,76.3332,99.2395
30,53.8642,86.0354
30,39.0847,44.1636
30,51.6497,39.253
30,45.1556,18.9554
30,46.592,9.72022
30,44.8384,14.47
30,44.8459,14.4336
30,49.445,5.89453
30,48.1323,22.3458
30,43.0622,43.7892
30,48.2267,42.146
30,53.2023,3.37033
30,53.9207,34.6218
30,52.4369,26.2875
30,54.0529,29.7122
30,62.8419,2.39906
30,58.1451,2.2115
30,67.954,3.17469
30,34.0935,44.6235
30,75.8414,6.74072
30,72.4775,4.37648
30,70.665,-0.382911
30,30.82,41.5698
30,46.0389,3.72922
30,42.6423,22.4161
30,41.006,13.0122
30,43.0162,7.94018
30,40.655,18.1187
30,40.996,13.052
30,40.9385,39.9575
30,45.7956,38.8723
30,35.0015,40.5396
30,49.9224,0.585488
30,49.5339,35.11
30,47.3223,26.7044
30,49.8393,29.9602
30,59.8534,-1.78043
30,54.9965,-1.40035
30,65.3527,-1.31044
30,26.8205,44.6513
30,75.0158,1.13822
30,30.5182,46.5731
30,25.0839,48.8409
30,28.5417,51.8727
30,78.6167,10.9315
30,80.4361,15.5035
30,82.6295,20.1033
30,84.5258,23.538
30,28.2491,56.9103
30,24.2438,55.3671
30,30.4256,65.4337
30,33.6888,69.1398
30,28.7149,61.6141
30,24.4801,60.7007
30,37.006,71.8922
30,28.3375,69.2759
30,25.8955,65.3983
30,41.1634,74.789
30,32.0806,73.1525
30,35.7714,76.0154
30,40.3987,79.0337
30,45.1294,77.3236
30,49.2362,80.0059
30,44.7376,81.743
30,53.2409,82.9459
30,49.0707,84.7456
30,53.2009,88.0711
30,56.4224,85.4449
30,56.6375,90.7564
30,61.0952,88.8573
30,64.9886,91.0792
30,62.0432,94.1119
30,69.2827,92.6945
30,66.5937,95.9307
30,74.1138,94.0478
30,71.3492,97.2866
30,78.1869,95.5363
30,76.3332,99.2395
30,83.3432,98.3549
30,80.4776,101.334
31,56.0557,87.8312
31,39.0847,44.1636
31,51.6497,39.253
31,45.1556,18.9554
31,46.592,9.72022
31,44.8384,14.47
31,44.8459,14.4336
31,49.445,5.89453
31,48.1323,22.3458
31,43.0622,43.7892
31,48.2267,42.146
31,53.2023,3.37033
31,53.9207,34.6218
31,52.4369,26.2875
31,54.0529,29.7122
31,62.8419,2.39906
31,58.1451,2.2115
31,67.954,3.17469
31,34.0935,44.6235
31,75.8414,6.74072
31,72.4775,4.37648
31,70.665,-0.382911
31,30.82,41.5698
31,46.0389,3.72922
31,42.6423,22.4161
31,41.006,13.0122
31,43.0162,7.94018
31,40.655,18.1187
31,40.996,13.052
31,40.9385,39.9575
31,45.7956,38.8723
31,35.0015,40.5396
31,49.9224,0.585488
31,49.5339,35.11
31,47.3223,26.7044
31,49.8393,29.9602
31,59.8534,-1.78043
31,54.9965,-1.40035
31,65.3527,-1.31044
31,26.8205,44.6513
31,75.0158,1.13822
31,30.5182,46.5731
31,25.0839,48.8409
31,28.5417,51.8727
31,78.6167,10.9315
31,80.4361,15.5035
31,82.6295,20.1033
31,84.5258,23.538
31,28.2491,56.9103
31,24.2438,55.3671
31,30.4256,65.4337
31,33.6888,69.1398
31,28.7149,61.6141
31,24.4801,60.7007
31,37.006,71.8922
31,28.3375,69.2759
31,25.8955,65.3983
31,41.1634,74.789
31,32.0806,73.1525
31,35.7714,76.0154
31,40.3987,79.0337
31,45.1294,77.3236
31,49.2362,80.0059
31,44.7376,81.743
31,53.2409,82.9459
31,49.0707,84.7456
31,53.2009,88.0711
31,56.4224,85.4449
31,56.6375,90.7564
31,61.0952,88.8573
31,64.9886,91.0792
31,62.0432,94.1119
31,69.2827,92.6945
31,66.5937,95.9307
31,74.1138,94.0478
31,71.3492,97.2866
31,78.1869,95.5363
31,76.3332,99.2395
31,83.3432,98.3549
31,80.4776,101.334
31,86.7901,100.515
31,86.0222,104.633
32,57.9015,89.2674
32,39.0847,44.1636
32,51.6497,39.253
32,45.1556,18.9554
32,46.592,9.72022
32,44.8384,14.47
32,44.8459,14.4336
32,49.445,5.89453
32,48.1323,22.3458
32,43.0622,43.7892
32,48.2267,42.146
32,53.2023,3.37033
32,53.9207,34.6218
32,52.4369,26.2875
32,54.0529,29.7122
32,62.8419,2.39906
32,58.1451,2.2115
32,67.954,3.17469
32,34.0935,44.6235
32,75.8414,6.74072
32,72.4775,4.37648
32,70.665,-0.382911
32,30.82,41.5698
32,46.0389,3.72922
32,42.6423,22.4161
32,41.006,13.0122
32,43.0162,7.94018
32,40.655,18.1187
32,40.996,13.052
32,40.9385,39.9575
32,45.7956,38.8723
32,35.0015,40.5396
32,49.9224,0.585488
32,49.5339,35.11
32,47.3223,26.7044
32,49.8393,29.9602
32,59.8534,-1.78043
32,54.9965,-1.40035
32,65.3527,-1.31044
32,26.8205,44.6513
32,75.0158,1.13822
32,30.5182,46.5731
32,25.0839,48.8409
32,28.5417,51.8727
32,78.6167,10.9315
32,80.4361,15.5035
32,82.6295,20.1033
32,84.5258,23.538
32,28.2491,56.9103
32,24.2438,55.3671
32,30.4256,65.4337
32,33.6888,69.1398
32,28.7149,61.6141
32,24.4801,60.7007
32,37.006,71.8922
32,28.3375,69.2759
32,25.8955,65.3983
32,41.1634,74.789
32,32.0806,73.1525
32,35.7714,76.0154
32,40.3987,79.0337
32,45.1294,77.3236
32,49.2362,80.0059
32,44.7376,81.743
32,53.2409,82.9459
32,49.0707,84.7456
32,53.2009,88.0711
32,56.4224,85.4449
32,56.6375,90.7564
32,61.0952,88.8573
32,64.9886,91.0792
32,62.0432,94.1119
32,69.2827,92.6945
32,66.5937,95.9307
32,74.1138,94.0478
32,71.3492,97.2866
32,78.1869,95.5363
32,76.3332,99.2395
32,83.3432,98.3549
32,80.4776,101.334
32,86.7901,100.515
32,86.0222,104.633
33,59.5036,90.4085
33,39.0847,44.1636
33,51.6497,39.253
33,45.1556,18.9554
33,46.592,9.72022
33,44.8384,14.47
33,44.8459,14.4336
33,49.445,5.89453
33,48.1323,22.3458
33,43.0622,43.7892
33,48.2267,42.146
33,53.2023,3.37033
33,53.9207,34.6218
33,52.4369,26.2875
33,54.0529,29.7122
33,62.8419,2.39906
33,58.1451,2.2115
33,67.954,3.17469
33,34.0935,44.6235
33,75.8414,6.74072
33,72.4775,4.37648
33,70.665,-0.382911
33,30.82,41.5698
33,46.0389,3.72922
33,42.6423,22.4161
33,41.006,13.0122
33,43.0162,7.94018
33,40.655,18.1187
33,40.996,13.052
33,40.9385,39.9575
33,45.7956,38.8723
33,35.0015,40.5396
33,49.9224,0.585488
33,49.5339,35.11
33,47.3223,26.7044
33,49.8393,29.9602
33,59.8534,-1.78043
33,54.9965,-1.40035
33,65.3527,-1.31044
33,26.8205,44.6513
33,75.0158,1.13822
33,30.5182,46.5731
33,25.0839,48.8409
33,28.5417,51.8727
33,78.6167,10.9315
33,80.4361,15.5035
33,82.6295,20.1033
33,84.5258,23.538
33,28.2491,56.9103
33,24.2438,55.3671
33,30.4256,65.4337
33,33.6888,69.1398
33,28.7149,61.6141
33,24.4801,60.7007
33,37.006,71.8922
33,28.3375,69.2759
33,25.8955,65.3983
33,41.1634,74.789
33,32.0806,73.1525
33,35.7714,76.0154
33,40.3987,79.0337
33,45.1294,77.3236
33,49.2362,80.0059
33,44.7376,81.743
33,53.2409,82.9459
33,49.0707,84.7456
33,53.2009,88.0711
33,56.4224,85.4449
33,56.6375,90.7564
33,61.0952,88.8573
33,64.9886,91.0792
33,62.0432,94.1119
33,69.2827,92.6945
33,66.5937,95.9307
33,74.1138,94.0478
33,71.3492,97.2866
33,78.1869,95.5363
33,76.3332,99.2395
33,83.3432,98.3549
33,80.4776,101.334
33,86.7901,100.515
33,86.0222,104.633
33,91.0854,102.892
33,89.9005,106.757
34,60.9641,91.3196
34,39.0847,44.1636
34,51.6497,39.253
34,45.1556,18.9554
34,46.592,9.72022
34,44.8384,14.47
34,44.8459,14.4336
34,49.445,5.89453
34,48.1323,22.3458
34,43.0622,43.7892
34,48.2267,42.146
34,53.2023,3.37033
34,53.9207,34.6218
34,52.4369,26.2875
34,54.0529,29.7122
34,62.8419,2.39906
34,58.1451,2.2115
34,67.954,3.17469
34,34.0935,44.6235
34,75.8414,6.74072
34,72.4775,4.37648
34,70.665,-0.382911
34,30.82,41.5698
34,46.0389,3.72922
34,42.6423,22.4161
34,41.006,13.0122
34,43.0162,7.94018
34,40.655,18.1187
34,40.996,13.052
34,40.9385,39.9575
34,45.7956,38.8723
34,35.0015,40.5396
34,49.9224,0.585488
34,49.5339,35.11
34,47.3223,26.7044
34,49.8393,29.9602
34,59.8534,-1.78043
34,54.9965,-1.40035
34,65.3527,-1.31044
34,26.8205,44.6513
34,75.0158,1.13822
34,30.5182,46.5731
34,25.0839,48.8409
34,28.5417,51.8727
34,78.6167,10.9315
34,80.4361,15.5035
34,82.6295,20.1033
34,84.5258,23.538
34,28.2491,56.9103
34,24.2438,55.3671
34,30.4256,65.4337
34,33.6888,69.1398
34,28.7149,61.6141
34,24.4801,60.7007
34,37.006,71.8922
34,28.3375,69.2759
34,25.8955,65.3983
34,41.1634,74.789
34,32.0806,73.1525
34,35.7714,76.0154
34,40.3987,79.0337
34,45.1294,77.3236
34,49.2362,80.0059
34,44.7376,81.743
34,53.2409,82.9459
34,49.0707,84.7456
34,53.2009,88.0711
34,56.4224,85.4449
34,56.6375,90.7564
34,61.0952,88.8573
34,64.9886,91.0792
34,62.0432,94.1119
34,69.2827,92.6945
34,66.5937,95.9307
34,74.1138,94.0478
34,71.3492,97.2866
34,78.1869,95.5363
34,76.3332,99.2395
34,83.3432,98.3549
34,80.4776,101.334
34,86.7901,100.515
34,86.0222,104.633
34,91.0854,102.892
34,89.9005,106.757
35,62.385,92.0653
35,39.0847,44.1636
35,51.6497,39.253
35,45.1556,18.9554
35,46.592,9.72022
35,44.8384,14.47
35,44.8459,14.4336
35,49.445,5.89453
35,48.1323,22.3458
35,43.0622,43.7892
35,48.2267,42.146
35,53.2023,3.37033
35,53.9207,34.6218
35,52.4369,26.2875
35,54.0529,29.7122
35,62.8419,2.39906
35,58.1451,2.2115
35,67.954,3.17469
35,34.0935,44.6235
35,75.8414,6.74072
35,72.4775,4.37648
35,70.665,-0.382911
35,30.82,41.5698
35,46.0389,3.72922
35,42.6423,22.4161
35,41.006,13.0122
35,43.0162,7.94018
35,40.655,18.1187
35,40.996,13.052
35,40.9385,39.9575
35,45.7956,38.8723
35,35.0015,40.5396
35,49.9224,0.585488
35,49.5339,35.11
35,47.3223,26.7044
35,49.8393,29.9602
35,59.8534,-1.78043
35,54.9965,-1.40035
35,65.3527,-1.31044
35,26.8205,44.6513
35,75.0158,1.13822
35,30.5182,46.5731
35,25.0839,48.8409
35,28.5417,51.8727
35,78.6167,10.9315
35,80.4361,15.5035
35,82.6295,20.1033
35,84.5258,23.538
35,28.2491,56.9103
35,24.2438,55.3671
35,30.4256,65.4337
35,33.6888,69.1398
35,28.7149,61.6141
35,24.4801,60.7007
35,37.006,71.8922
35,28.3375,69.2759
35,25.8955,65.3983
35,41.1634,74.789
35,32.0806,73.1525
35,35.7714,76.0154
35,40.3987,79.0337
35,45.1294,77.3236
35,49.2362,80.0059
35,44.7376,81.743
35,53.2409,82.9459
35,49.0707,84.7456
35,53.2009,88.0711
35,56.4224,85.4449
35,56.6375,90.7564
35,61.0952,88.8573
35,64.9886,91.0792
35,62.0432,94.1119
35,69.2827,92.6945
35,66.5937,95.9307
35,74.1138,94.0478
35,71.3492,97.2866
35,78.1869,95.5363
35,76.3332,99.2395
35,83.3432,98.3549
35,80.4776,101.334
35,86.7901,100.515
35,86.0222,104.633
35,91.0854,102.892
35,89.9005,106.757
36,63.8685,92.7106
36,39.0847,44.1636
36,51.6497,39.253
36,45.1556,18.9554
36,46.592,9.72022
36,44.8384,14.47
36,44.8459,14.4336
36,49.445,5.89453
36,48.1323,22.3458
36,43.0622,43.7892
36,48.2267,42.146
36,53.2023,3.37033
36,53.9207,34.6218
36,52.4369,26.2875
36,54.0529,29.7122
36,62.8419,2.39906
36,58.1451,2.2115
36,67.954,3.17469
36,34.0935,44.6235
36,75.8414,6.74072
36,72.4775,4.37648
36,70.665,-0.382911
36,30.82,41.5698
36,46.0389,3.72922
36,42.6423,22.4161
36,41.006,13.0122
36,43.0162,7.94018
36,40.655,18.1187
36,40.996,13.052
36,40.9385,39.9575
36,45.7956,38.8723
36,35.0015,40.5396
36,49.9224,0.585488
36,49.5339,35.11
36,47.3223,26.7044
36,49.8393,29.9602
36,59.8534,-1.78043
36,54.9965,-1.40035
36,65.3527,-1.31044
36,26.8205,44.6513
36,75.0158,1.13822
36,30.5182,46.5731
36,25.0839,48.8409
36,28.5417,51.8727
36,78.6167,10.9315
36,80.4361,15.5035
36,82.6295,20.1033
36,84.5258,23.538
36,28.2491,56.9103
36,24.2438,55.3671
36,30.4256,65.4337
36,33.6888,69.1398
36,28.7149,61.6141
36,24.4801,60.7007
36,37.006,71.8922
36,28.3375,69.2759
36,25.8955,65.3983
36,41.1634,74.789
36,32.0806,73.1525
36,35.7714,76.0154
36,40.3987,79.0337
36,45.1294,77.3236
36,49.2362,80.0059
36,44.7376,81.743
36,53.2409,82.9459
36,49.0707,84.7456
36,53.2009,88.0711
36,56.4224,85.4449
36,56.6375,90.7564
36,61.0952,88.8573
36,64.9886,91.0792
36,62.0432,94.1119
36,69.2827,92.6945
36,66.5937,95.9307
36,74.1138,94.0478
36,71.3492,97.2866
36,78.1869,95.5363
36,76.3332,99.2395
36,83.3432,98.3549
36,80.4776,101.334
36,86.7901,100.515
36,86.0222,104.633
36,91.0854,102.892
36,89.9005,106.757
36,95.4982,104.273
36,94.8711,108.257
37,65.5164,93.3202
37,39.0847,44.1636
37,51.6497,39.253
37,45.1556,18.9554
37,46.592,9.72022
37,44.8384,14.47
37,44.8459,14.4336
37,49.445,5.89453
37,48.1323,22.3458
37,43.0622,43.7892
37,48.2267,42.146
37,53.2023,3.37033
37,53.9207,34.6218
37,52.4369,26.2875
37,54.0529,29.7122
37,62.8419,2.39906
37,58.1451,2.2115
37,67.954,3.17469
37,34.0935,44.6235
37,75.8414,6.74072
37,72.4775,4.37648
37,70.665,-0.382911
37,30.82,41.5698
37,46.0389,3.72922
37,42.6423,22.4161
37,41.006,13.0122
37,43.0162,7.94018
37,40.655,18.1187
37,40.996,13.052
37,40.9385,39.9575
37,45.7956,38.8723
37,35.0015,40.5396
37,49.9224,0.585488
37,49.5339,35.11
37,47.3223,26.7044
37,49.8393,29.9602
37,59.8534,-1.78043
37,54.9965,-1.40035
37,65.3527,-1.31044
37,26.8205,44.6513
37,75.0158,1.13822
37,30.5182,46.5731
37,25.0839,48.8409
37,28.5417,51.8727
37,78.6167,10.9315
37,80.4361,15.5035
37,82.6295,20.1033
37,84.5258,23.538
37,28.2491,56.9103
37,24.2438,55.3671
37,30.4256,65.4337
37,33.6888,69.1398
37,28.7149,61.6141
37,24.4801,60.7007
37,37.006,71.8922
37,28.3375,69.2759
37,25.8955,65.3983
37,41.1634,74.789
37,32.0806,73.1525
37,35.7714,76.0154
37,40.3987,79.0337
37,45.1294,77.3236
37,49.2362,80.0059
37,44.7376,81.743
37,53.2409,82.9459
37,49.0707,84.7456
37,53.2009,88.0711
37,56.4224,85.4449
37,56.6375,90.7564
37,61.0952,88.8573
37,64.9886,91.0792
37,62.0432,94.1119
37,69.2827,92.6945
37,66.5937,95.9307
37,74.1138,94.0478
37,71.3492,97.2866
37,78.1869,95.5363
37,76.3332,99.2395
37,83.3432,98.3549
37,80.4776,101.334
37,86.7901,100.515
37,86.0222,104.633
37,91.0854,102.892
37,89.9005,106.757
37,95.4982,104.273
37,94.8711,108.257
38,67.431,93.9589
38,39.0847,44.1636
38,51.6497,39.253
38,45.1556,18.9554
38,46.592,9.72022
38,44.8384,14.47
38,44.8459,14.4336
38,49.445,5.89453
38,48.1323,22.3458
38,43.0622,43.7892
38,48.2267,42.146
38,53.2023,3.37033
38,53.9207,34.6218
38,52.4369,26.2875
38,54.0529,29.7122
38,62.8419,2.39906
38,58.1451,2.2115
38,67.954,3.17469
38,34.0935,44.6235
38,75.8414,6.74072
38,72.4775,4.37648
38,70.665,-0.382911
38,30.82,41.5698
38,46.0389,3.72922
38,42.6423,22.4161
38,41.006,13.0122
38,43.0162,7.94018
38,40.655,18.1187
38,40.996,13.052
38,40.9385,39.9575
38,45.7956,38.8723
38,35.0015,40.5396
38,49.9224,0.585488
38,49.5339,35.11
38,47.3223,26.7044
38,49.8393,29.9602
38,59.8534,-1.78043
38,54.9965,-1.40035
38,65.3527,-1.31044
38,26.8205,44.6513
38,75.0158,1.13822
38,30.5182,46.5731
38,25.0839,48.8409
38,28.5417,51.8727
38,78.6167,10.9315
38,80.4361,15.5035
38,82.6295,20.1033
38,84.5258,23.538
38,28.2491,56.9103
38,24.2438,55.3671
38,30.4256,65.4337
38,33.6888,69.1398
38,28.7149,61.6141
38,24.4801,60.7007
38,37.006,71.8922
38,28.3375,69.2759
38,25.8955,65.3983
38,41.1634,74.789
38,32.0806,73.1525
38,35.7714,76.0154
38,40.3987,79.0337
38,45.1294,77.3236
38,49.2362,80.0059
38,44.7376,81.743
38,53.2409,82.9459
38,49.0707,84.7456
38,53.2009,88.0711
38,56.4224,85.4449
38,56.6375,90.7564
38,61.0952,88.8573
38,64.9886,91.0792
38,62.0432,94.1119
38,69.2827,92.6945
38,66.5937,95.9307
38,74.1138,94.0478
38,71.3492,97.2866
38,78.1869,95.5363
38,76.3332,99.2395
38,83.3432,98.3549
38,80.4776,101.334
38,86.7901,100.515
38,86.0222,104.633
38,91.0854,102.892
38,89.9005,106.757
38,95.4982,104.273
38,94.8711,108.257
38,100.254,103.726
39,69.7141,94.6916
39,39.0847,44.1636
39,51.6497,39.253
39,45.1556,18.9554
39,46.592,9.72022
39,44.8384,14.47
39,44.8459,14.4336
39,49.445,5.89453
39,48.1323,22.3458
39,43.0622,43.7892
39,48.2267,42.146
39,53.2023,3.37033
39,53.9207,34.6218
39,52.4369,26.2875
39,54.0529,29.7122
39,62.8419,2.39906
39,58.1451,2.2115
39,67.954,3.17469
39,34.0935,44.6235
39,75.8414,6.74072
39,72.4775,4.37648
39,70.665,-0.382911
39,30.82,41.5698
39,46.0389,3.72922
39,42.6423,22.4161
39,41.006,13.0122
39,43.0162,7.94018
39,40.655,18.1187
39,40.996,13.052
39,40.9385,39.9575
39,45.7956,38.8723
39,35.0015,40.5396
39,49.9224,0.585488
39,49.5339,35.11
39,47.3223,26.7044
39,49.8393,29.9602
39,59.8534,-1.78043
39,54.9965,-1.40035
39,65.3527,-1.31044
39,26.8205,44.6513
39,75.0158,1.13822
39,30.5182,46.5731
39,25.0839,48.8409
39,28.5417,51.8727
39,78.6167,10.9315
39,80.4361,15.5035
39,82.6295,20.1033
39,84.5258,23.538
39,28.2491,56.9103
39,24.2438,55.3671
39,30.4256,65.4337
39,33.6888,69.1398
39,28.7149,61.6141
39,24.4801,60.7007
39,37.006,71.8922
39,28.3375,69.2759
39,25.8955,65.3983
39,41.1634,74.789
39,32.0806,73.1525
39,35.7714,76.0154
39,40.3987,79.0337
39,45.1294,77.3236
39,49.2362,80.0059
39,44.7376,81.743
39,53.2409,82.9459
39,49.0707,84.7456
39,53.2009,88.0711
39,56.4224,85.4449
39,56.6375,90.7564
39,61.0952,88.8573
39,64.9886,91.0792
39,62.0432,94.1119
39,69.2827,92.6945
39,66.5937,95.9307
39,74.1138,94.0478
39,71.3492,97.2866
39,78.1869,95.5363
39,76.3332,99.2395
39,83.3432,98.3549
39,80.4776,101.334
39,86.7901,100.515
39,86.0222,104.633
39,91.0854,102.892
39,89.9005,106.757
39,95.4982,104.273
39,94.8711,108.257
39,100.254,103.726
39,103.891,101.469
39,99.7971,108.033
40,72.1685,95.485
40,39.0847,44.1636
40,51.6497,39.253
40,45.1556,18.9554
40,46.592,9.72022
40,44.8384,14.47
40,44.8459,14.4336
40,49.445,5.89453
40,48.1323,22.3458
40,43.0622,43.7892
40,48.2267,42.146
40,53.2023,3.37033
40,53.9207,34.6218
40,52.4369,26.2875
40,54.0529,29.7122
40,62.8419,2.39906
40,58.1451,2.2115
40,67.954,3.17469
40,34.0935,44.6235
40,75.8414,6.74072
40,72.4775,4.37648
40,70.665,-0.382911
40,30.82,41.5698
40,46.0389,3.72922
40,42.6423,22.4161
40,41.006,13.0122
40,43.0162,7.94018
40,40.655,18.1187
40,40.996,13.052
40,40.9385,39.9575
40,45.7956,38.8723
40,35.0015,40.5396
40,49.9224,0.585488
40,49.5339,35.11
40,47.3223,26.7044
40,49.8393,29.9602
40,59.8534,-1.78043
40,54.9965,-1.40035
40,65.3527,-1.31044
40,26.8205,44.6513
40,75.0158,1.13822
40,30.5182,46.5731
40,25.0839,48.8409
40,28.5417,51.8727
40,78.6167,10.9315
40,80.4361,15.5035
40,82.6295,20.1033
40,84.5258,23.538
40,28.2491,56.9103
40,24.2438,55.3671
40,30.4256,65.4337
40,33.6888,69.1398
40,28.7149,61.6141
40,24.4801,60.7007
40,37.006,71.8922
40,28.3375,69.2759
40,25.8955,65.3983
40,41.1634,74.789
40,32.0806,73.1525
40,35.7714,76.0154
40,40.3987,79.0337
40,45.1294,77.3236
40,49.2362,80.0059
40,44.7376,81.743
40,53.2409,82.9459
40,49.0707,84.7456
40,53.2009,88.0711
40,56.4224,85.4449
40,56.6375,90.7564
40,61.0952,88.8573
40,64.9886,91.0792
40,62.0432,94.1119
40,69.2827,92.6945
40,66.5937,95.9307
40,74.1138,94.0478
40,71.3492,97.2866
40,78.1869,95.5363
40,76.3332,99.2395
40,83.3432,98.3549
40,80.4776,101.334
40,86.7901,100.515
40,86.0222,104.633
40,91.0854,102.892
40,89.9005,106.757
40,95.4982,104.273
40,94.8711,108.257
40,100.254,103.726
40,103.891,101.469
40,99.7971,108.033
40,104.62,105.896
41,76.9215,97.3326
41,39.0847,44.1636
41,51.6497,39.253
41,45.1556,18.9554
41,46.592,9.72022
41,44.8384,14.47
41,44.8459,14.4336
41,49.445,5.89453
41,48.1323,22.3458
41,43.0622,43.7892
41,48.2267,42.146
41,53.2023,3.37033
41,53.9207,34.6218
41,52.4369,26.2875
41,54.0529,29.7122
41,62.8419,2.39906
41,58.1451,2.2115
41,67.954,3.17469
41,34.0935,44.6235
41,75.8414,6.74072
41,72.4775,4.37648
41,70.665,-0.382911
41,30.82,41.5698
41,46.0389,3.72922
41,42.6423,22.4161
41,41.006,13.0122
41,43.0162,7.94018
41,40.655,18.1187
41,40.996,13.052
41,40.9385,39.9575
41,45.7956,38.8723
41,35.0015,40.5396
41,49.9224,0.585488
41,49.5339,35.11
41,47.3223,26.7044
41,49.8393,29.9602
41,59.8534,-1.78043
41,54.9965,-1.40035
41,65.3527,-1.31044
41,26.8205,44.6513
41,75.0158,1.13822
41,30.5182,46.5731
41,25.0839,48.8409
41,28.5417,51.8727
41,78.6167,10.9315
41,80.4361,15.5035
41,82.6295,20.1033
41,84.5258,23.538
41,28.2491,56.9103
41,24.2438,55.3671
41,30.4256,65.4337
41,33.6888,69.1398
41,28.7149,61.6141
41,24.4801,60.7007
41,37.006,71.8922
41,28.3375,69.2759
41,25.8955,65.3983
41,41.1634,74.789
41,32.0806,73.1525
41,35.7714,76.0154
41,40.3987,79.0337
41,45.1294,77.3236
41,49.2362,80.0059
41,44.7376,81.743
41,53.2409,82.9459
41,49.0707,84.7456
41,53.2009,88.0711
41,56.4224,85.4449
41,56.6375,90.7564
41,61.0952,88.8573
41,64.9886,91.0792
41,62.0432,94.1119
41,69.2827,92.6945
41,66.5937,95.9307
41,74.1138,94.0478
41,71.3492,97.2866
41,78.1869,95.5363
41,76.3332,99.2395
41,83.3432,98.3549
41,80.4776,101.334
41,86.7901,100.515
41,86.0222,104.633
41,91.0854,102.892
41,89.9005,106.757
41,95.4982,104.273
41,94.8711,108.257
41,100.254,103.726
41,103.891,101.469
41,99.7971,108.033
41,104.62,105.896
41,110.889,94.1165
41,107.873,97.5661
41,108.325,102.871
42,81.0906,99.4173
42,39.0847,44.1636
42,51.6497,39.253
42,45.1556,18.9554
42,46.592,9.72022
42,44.8384,14.47
42,44.8459,14.4336
42,49.445,5.89453
42,48.1323,22.3458
42,43.0622,43.7892
42,48.2267,42.146
42,53.2023,3.37033
42,53.9207,34.6218
42,52.4369,26.2875
42,54.0529,29.7122
42,62.8419,2.39906
42,58.1451,2.2115
42,67.954,3.17469
42,34.0935,44.6235
42,75.8414,6.74072
42,72.4775,4.37648
42,70.665,-0.382911
42,30.82,41.5698
42,46.0389,3.72922
42,42.6423,22.4161
42,41.006,13.0122
42,43.0162,7.94018
42,40.655,18.1187
42,40.996,13.052
42,40.9385,39.9575
42,45.7956,38.8723
42,35.0015,40.5396
42,49.9224,0.585488
42,49.5339,35.11
42,47.3223,26.7044
42,49.8393,29.9602
42,59.8534,-1.78043
42,54.9965,-1.40035
42,65.3527,-1.31044
42,26.8205,44.6513
42,75.0158,1.13822
42,30.5182,46.5731
42,25.0839,48.8409
42,28.5417,51.8727
42,78.6167,10.9315
42,80.4361,15.5035
42,82.6295,20.1033
42,84.5258,23.538
42,28.2491,56.9103
42,24.2438,55.3671
42,30.4256,65.4337
42,33.6888,69.1398
42,28.7149,61.6141
42,24.4801,60.7007
42,37.006,71.8922
42,28.3375,69.2759
42,25.8955,65.3983
42,41.1634,74.789
42,32.0806,73.1525
42,35.7714,76.0154
42,40.3987,79.0337
42,45.1294,77.3236
42,49.2362,80.0059
42,44.7376,81.743
42,53.2409,82.9459
42,49.0707,84.7456
42,53.2009,88.0711
42,56.4224,85.4449
42,56.6375,90.7564
42,61.0952,88.8573
42,64.9886,91.0792
42,62.0432,94.1119
42,69.2827,92.6945
42,66.5937,95.9307
42,74.1138,94.0478
42,71.3492,97.2866
42,78.1869,95.5363
42,76.3332,99.2395
42,83.3432,98.3549
42,80.4776,101.334
42,86.7901,100.515
42,86.0222,104.633
42,91.0854,102.892
42,89.9005,106.757
42,95.4982,104.273
42,94.8711,108.257
42,100.254,103.726
42,103.891,101.469
42,99.7971,108.033
42,104.62,105.896
42,110.889,94.1165
42,107.873,97.5661
42,108.325,102.871
42,113.815,89.9982
42,112.419,98.5576
42,115.443,94.7335
43,84.792,101.542
43,39.0847,44.1636
43,51.6497,39.253
43,45.1556,18.9554
43,46.592,9.72022
43,44.8384,14.47
43,44.8459,14.4336
43,49.445,5.89453
43,48.1323,22.3458
43,43.0622,43.7892
43,48.2267,42.146
43,53.2023,3.37033
43,53.9207,34.6218
43,52.4369,26.2875
43,54.0529,29.7122
43,62.8419,2.39906
43,58.1451,2.2115
43,67.954,3.17469
43,34.0935,44.6235
43,75.8414,6.74072
43,72.4775,4.37648
43,70.665,-0.382911
43,30.82,41.5698
43,46.0389,3.72922
43,42.6423,22.4161
43,41.006,13.0122
43,43.0162,7.94018
43,40.655,18.1187
43,40.996,13.052
43,40.9385,39.9575
43,45.7956,38.8723
43,35.0015,40.5396
43,49.9224,0.585488
43,49.5339,35.11
43,47.3223,26.7044
43,49.8393,29.9602
43,59.8534,-1.78043
43,54.9965,-1.40035
43,65.3527,-1.31044
43,26.8205,44.6513
43,75.0158,1.13822
43,30.5182,46.5731
43,25.0839,48.8409
43,28.5417,51.8727
43,78.6167,10.9315
43,80.4361,15.5035
43,82.6295,20.1033
43,84.5258,23.538
43,28.2491,56.9103
43,24.2438,55.3671
43,30.4256,65.4337
43,33.6888,69.1398
43,28.7149,61.6141
43,24.4801,60.7007
43,37.006,71.8922
43,28.3375,69.2759
43,25.8955,65.3983
43,41.1634,74.789
43,32.0806,73.1525
43,35.7714,76.0154
43,40.3987,79.0337
43,45.1294,77.3236
43,49.2362,80.0059
43,44.7376,81.743
43,53.2409,82.9459
43,49.0707,84.7456
43,53.2009,88.0711
43,56.4224,85.4449
43,56.6375,90.7564
43,61.0952,88.8573
43,64.9886,91.0792
43,62.0432,94.1119
43,69.2827,92.6945
43,66.5937,95.9307
43,74.1138,94.0478
43,71.3492,97.2866
43,78.1869,95.5363
43,76.3332,99.2395
43,83.3432,98.3549
43,80.4776,101.334
43,86.7901,100.515
43,86.0222,104.633
43,91.0854,102.892
43,89.9005,106.757
43,95.4982,104.273
43,94.8711,108.257
43,100.254,103.726
43,103.891,101.469
43,99.7971,108.033
43,104.62,105.896
43,110.889,94.1165
43,107.873,97.5661
43,108.325,102.871
43,113.815,89.9982
43,112.419,98.5576
43,115.443,94.7335
43,115.793,86.1766
44,88.142,103.508
44,39.0847,44.1636
44,51.6497,39.253
44,45.1556,18.9554
44,46.592,9.72022
44,44.8384,14.47
44,44.8459,14.4336
44,49.445,5.89453
44,48.1323,22.3458
44,43.0622,43.7892
44,48.2267,42.146
44,53.2023,3.37033
44,53.9207,34.6218
44,52.4369,26.2875
44,54.0529,29.7122
44,62.8419,2.39906
44,58.1451,2.2115
44,67.954,3.17469
44,34.0935,44.6235
44,75.8414,6.74072
44,72.4775,4.37648
44,70.665,-0.382911
44,30.82,41.5698
44,46.0389,3.72922
44,42.6423,22.4161
44,41.006,13.0122
44,43.0162,7.94018
44,40.655,18.1187
44,40.996,13.052
44,40.9385,39.9575
44,45.7956,38.8723
44,35.0015,40.5396
44,49.9224,0.585488
44,49.5339,35.11
44,47.3223,26.7044
44,49.8393,29.9602
44,59.8534,-1.78043
44,54.9965,-1.40035
44,65.3527,-1.31044
44,26.8205,44.6513
44,75.0158,1.13822
44,30.5182,46.5731
44,25.0839,48.8409
44,28.5417,51.8727
44,78.6167,10.9315
44,80.4361,15.5035
44,82.6295,20.1033
44,84.5258,23.538
44,28.2491,56.9103
44,24.2438,55.3671
44,30.4256,65.4337
44,33.6888,69.1398
44,28.7149,61.6141
44,24.4801,60.7007
44,37.006,71.8922
44,28.3375,69.2759
44,25.8955,65.3983
44,41.1634,74.789
44,32.0806,73.1525
44,35.7714,76.0154
44,40.3987,79.0337
44,45.1294,77.3236
44,49.2362,80.0059
44,44.7376,81.743
44,53.2409,82.9459
44,49.0707,84.7456
44,53.2009,88.0711
44,56.4224,85.4449
44,56.6375,90.7564
44,61.0952,88.8573
44,64.9886,91.0792
44,62.0432,94.1119
44,69.2827,92.6945
44,66.5937,95.9307
44,74.1138,94.0478
44,71.3492,97.2866
44,78.1869,95.5363
44,76.3332,99.2395
44,83.3432,98.3549
44,80.4776,101.334
44,86.7901,100.515
44,86.0222,104.633
44,91.0854,102.892
44,89.9005,106.757
44,95.4982,104.273
44,94.8711,108.257
44,100.254,103.726
44,103.891,101.469
44,99.7971,108.033
44,104.62,105.896
44,110.889,94.1165
44,107.873,97.5661
44,108.325,102.871
44,113.815,89.9982
44,112.419,98.5576
44,115.443,94.7335
44,115.793,86.1766
44,118.347,90.0335
45,91.2569,105.119
45,39.0847,44.1636
45,51.6497,39.253
45,45.1556,18.9554
45,46.592,9.72022
45,44.8384,14.47
45,44.8459,14.4336
45,49.445,5.89453
45,48.1323,22.3458
45,43.0622,43.7892
45,48.2267,42.146
45,53.2023,3.37033
45,53.9207,34.6218
45,52.4369,26.2875
45,54.0529,29.7122
45,62.8419,2.39906
45,58.1451,2.2115
45,67.954,3.17469
45,34.0935,44.6235
45,75.8414,6.74072
45,72.4775,4.37648
45,70.665,-0.382911
45,30.82,41.5698
45,46.0389,3.72922
45,42.6423,22.4161
45,41.006,13.0122
45,43.0162,7.94018
45,40.655,18.1187
45,40.996,13.052
45,40.9385,39.9575
45,45.7956,38.8723
45,35.0015,40.5396
45,49.9224,0.585488
45,49.5339,35.11
45,47.3223,26.7044
45,49.8393,29.9602
45,59.8534,-1.78043
45,54.9965,-1.40035
45,65.3527,-1.31044
45,26.8205,44.6513
45,75.0158,1.13822
45,30.5182,46.5731
45,25.0839,48.8409
45,28.5417,51.8727
45,78.6167,10.9315
45,80.4361,15.5035
45,82.6295,20.1033
45,84.5258,23.538
45,28.2491,56.9103
45,24.2438,55.3671
45,30.4256,65.4337
45,33.6888,69.1398
45,28.7149,61.6141
45,24.4801,60.7007
45,37.006,71.8922
45,28.3375,69.2759
45,25.8955,65.3983
45,41.1634,74.789
45,32.0806,73.1525
45,35.7714,76.0154
45,40.3987,79.0337
45,45.1294,77.3236
45,49.2362,80.0059
45,44.7376,81.743
45,53.2409,82.9459
45,49.0707,84.7456
45,53.2009,88.0711
45,56.4224,85.4449
45,56.6375,90.7564
45,61.0952,88.8573
45,64.9886,91.0792
45,62.0432,94.1119
45,69.2827,92.6945
45,66.5937,95.9307
45,74.1138,94.0478
45,71.3492,97.2866
45,78.1869,95.5363
45,76.3332,99.2395
45,83.3432,98.3549
45,80.4776,101.334
45,86.7901,100.515
45,86.0222,104.633
45,91.0854,102.892
45,89.9005,106.757
45,95.4982,104.273
45,94.8711,108.257
45,100.254,103.726
45,103.891,101.469
45,99.7971,108.033
45,104.62,105.896
45,110.889,94.1165
45,107.873,97.5661
45,108.325,102.871
45,113.815,89.9982
45,112.419,98.5576
45,115.443,94.7335
45,115.793,86.1766
45,118.347,90.0335
45,120.21,85.7474
46,94.2531,106.177
46,39.0847,44.1636
46,51.6497,39.253
46,45.1556,18.9554
46,46.592,9.72022
46,44.8384,14.47
46,44.8459,14.4336
46,49.445,5.89453
46,48.1323,22.3458
46,43.0622,43.7892
46,48.2267,42.146
46,53.2023,3.37033
46,53.9207,34.6218
46,52.4369,26.2875
46,54.0529,29.7122
46,62.8419,2.39906
46,58.1451,2.2115
46,67.954,3.17469
46,34.0935,44.6235
46,75.8414,6.74072
46,72.4775,4.37648
46,70.665,-0.382911
46,30.82,41.5698
46,46.0389,3.72922
46,42.6423,22.4161
46,41.006,13.0122
46,43.0162,7.94018
46,40.655,18.1187
46,40.996,13.052
46,40.9385,39.9575
46,45.7956,38.8723
46,35.0015,40.5396
46,49.9224,0.585488
46,49.5339,35.11
46,47.3223,26.7044
46,49.8393,29.9602
46,59.8534,-1.78043
46,54.9965,-1.40035
46,65.3527,-1.31044
46,26.8205,44.6513
46,75.0158,1.13822
46,30.5182,46.5731
46,25.0839,48.8409
46,28.5417,51.8727
46,78.6167,10.9315
46,80.4361,15.5035
46,82.6295,20.1033
46,84.5258,23.538
46,28.2491,56.9103
46,24.2438,55.3671
46,30.4256,65.4337
46,33.6888,69.1398
46,28.7149,61.6141
46,24.4801,60.7007
46,37.006,71.8922
46,28.3375,69.2759
46,25.8955,65.3983
46,41.1634,74.789
46,32.0806,73.1525
46,35.7714,76.0154
46,40.3987,79.0337
46,45.1294,77.3236
46,49.2362,80.0059
46,44.7376,81.743
46,53.2409,82.9459
46,49.0707,84.7456
46,53.2009,88.0711
46,56.4224,85.4449
46,56.6375,90.7564
46,61.0952,88.8573
46,64.9886,91.0792
46,62.0432,94.1119
46,69.2827,92.6945
46,66.5937,95.9307
46,74.1138,94.0478
46,71.3492,97.2866
46,78.1869,95.5363
46,76.3332,99.2395
46,83.3432,98.3549
46,80.4776,101.334
46,86.7901,100.515
46,86.0222,104.633
46,91.0854,102.892
46,89.9005,106.757
46,95.4982,104.273
46,94.8711,108.257
46,100.254,103.726
46,103.891,101.469
46,99.7971,108.033
46,104.62,105.896
46,110.889,94.1165
46,107.873,97.5661
46,108.325,102.871
46,113.815,89.9982
46,112.419,98.5576
46,115.443,94.7335
46,115.793,86.1766
46,118.347,90.0335
46,120.21,85.7474
46,117.18,81.3714
47,97.2467,106.484
47,39.0847,44.1636
47,51.6497,39.253
47,45.1556,18.9554
47,46.592,9.72022
47,44.8384,14.47
47,44.8459,14.4336
47,49.445,5.89453
47,48.1323,22.3458
47,43.0622,43.7892
47,48.2267,42.146
47,53.2023,3.37033
47,53.9207,34.6218
47,52.4369,26.2875
47,54.0529,29.7122
47,62.8419,2.39906
47,58.1451,2.2115
47,67.954,3.17469
47,34.0935,44.6235
47,75.8414,6.74072
47,72.4775,4.37648
47,70.665,-0.382911
47,30.82,41.5698
47,46.0389,3.72922
47,42.6423,22.4161
47,41.006,13.0122
47,43.0162,7.94018
47,40.655,18.1187
47,40.996,13.052
47,40.9385,39.9575
47,45.7956,38.8723
47,35.0015,40.5396
47,49.9224,0.585488
47,49.5339,35.11
47,47.3223,26.7044
47,49.8393,29.9602
47,59.8534,-1.78043
47,54.9965,-1.40035
47,65.3527,-1.31044
47,26.8205,44.6513
47,75.0158,1.13822
47,30.5182,46.5731
47,25.0839,48.8409
47,28.5417,51.8727
47,78.6167,10.9315
47,80.4361,15.5035
47,82.6295,20.1033
47,84.5258,23.538
47,28.2491,56.9103
47,24.2438,55.3671
47,30.4256,65.4337
47,33.6888,69.1398
47,28.7149,61.6141
47,24.4801,60.7007
47,37.006,71.8922
47,28.3375,69.2759
47,25.8955,65.3983
47,41.1634,74.789
47,32.0806,73.1525
47,35.7714,76.0154
47,40.3987,79.0337
47,45.1294,77.3236
47,49.2362,80.0059
47,44.7376,81.743
47,53.2409,82.9459
47,49.0707,84.7456
47,53.2009,88.0711
47,56.4224,85.4449
47,56.6375,90.7564
47,61.0952,88.8573
47,64.9886,91.0792
47,62.0432,94.1119
47,69.2827,92.6945
47,66.5937,95.9307
47,74.1138,94.0478
47,71.3492,97.2866
47,78.1869,95.5363
47,76.3332,99.2395
47,83.3432,98.3549
47,80.4776,101.334
47,86.7901,100.515
47,86.0222,104.633
47,91.0854,102.892
47,89.9005,106.757
47,95.4982,104.273
47,94.8711,108.257
47,100.254,103.726
47,103.891,101.469
47,99.7971,108.033
47,104.62,105.896
47,110.889,94.1165
47,107.873,97.5661
47,108.325,102.871
47,113.815,89.9982
47,112.419,98.5576
47,115.443,94.7335
47,115.793,86.1766
47,118.347,90.0335
47,120.21,85.7474
47,117.18,81.3714
48,100.354,105.844
48,39.0847,44.1636
48,51.6497,39.253
48,45.1556,18.9554
48,46.592,9.72022
48,44.8384,14.47
48,44.8459,14.4336
48,49.445,5.89453
48,48.1323,22.3458
48,43.0622,43.7892
48,48.2267,42.146
48,53.2023,3.37033
48,53.9207,34.6218
48,52.4369,26.2875
48,54.0529,29.7122
48,62.8419,2.39906
48,58.1451,2.2115
48,67.954,3.17469
48,34.0935,44.6235
48,75.8414,6.74072
48,72.4775,4.37648
48,70.665,-0.382911
48,30.82,41.5698
48,46.0389,3.72922
48,42.6423,22.4161
48,41.006,13.0122
48,43.0162,7.94018
48,40.655,18.1187
48,40.996,13.052
48,40.9385,39.9575
48,45.7956,38.8723
48,35.0015,40.5396
48,49.9224,0.585488
48,49.5339,35.11
48,47.3223,26.7044
48,49.8393,29.9602
48,59.8534,-1.78043
48,54.9965,-1.40035
48,65.3527,-1.31044
48,26.8205,44.6513
48,75.0158,1.13822
48,30.5182,46.5731
48,25.0839,48.8409
48,28.5417,51.8727
48,78.6167,10.9315
48,80.4361,15.5035
48,82.6295,20.1033
48,84.5258,23.538
48,28.2491,56.9103
48,24.2438,55.3671
48,30.4256,65.4337
48,33.6888,69.1398
48,28.7149,61.6141
48,24.4801,60.7007
48,37.006,71.8922
48,28.3375,69.2759
48,25.8955,65.3983
48,41.1634,74.789
48,32.0806,73.1525
48,35.7714,76.0154
48,40.3987,79.0337
48,45.1294,77.3236
48,49.2362,80.0059
48,44.7376,81.743
48,53.2409,82.9459
48,49.0707,84.7456
48,53.2009,88.0711
48,56.4224,85.4449
48,56.6375,90.7564
48,61.0952,88.8573
48,64.9886,91.0792
48,62.0432,94.1119
48,69.2827,92.6945
48,66.5937,95.9307
48,74.1138,94.0478
48,71.3492,97.2866
48,78.1869,95.5363
48,76.3332,99.2395
48,83.3432,98.3549
48,80.4776,101.334
48,86.7901,100.515
48,86.0222,104.633
48,91.0854,102.892
48,89.9005,106.757
48,95.4982,104.273
48,94.8711,108.257
48,100.254,103.726
48,103.891,101.469
48,99.7971,108.033
48,104.62,105.896
48,110.889,94.1165
48,107.873,97.5661
48,108.325,102.871
48,113.815,89.9982
48,112.419,98.5576
48,115.443,94.7335
48,115.793,86.1766
48,118.347,90.0335
48,120.21,85.7474
48,117.18,81.3714
48,117.287,76.634
48,121.331,80.4637
49,103.692,104.058
49,39.0847,44.1636
49,51.6497,39.253
49,45.1556,18.9554
49,46.592,9.72022
49,44.8384,14.47
49,44.8459,14.4336
49,49.445,5.89453
49,48.1323,22.3458
49,43.0622,43.7892
49,48.2267,42.146
49,53.2023,3.37033
49,53.9207,34.6218
49,52.4369,26.2875
49,54.0529,29.7122
49,62.8419,2.39906
49,58.1451,2.2115
49,67.954,3.17469
49,34.0935,44.6235
49,75.8414,6.74072
49,72.4775,4.37648
49,70.665,-0.382911
49,30.82,41.5698
49,46.0389,3.72922
49,42.6423,22.4161
49,41.006,13.0122
49,43.0162,7.94018
49,40.655,18.1187
49,40.996,13.052
49,40.9385,39.9575
49,45.7956,38.8723
49,35.0015,40.5396
49,49.9224,0.585488
49,49.5339,35.11
49,47.3223,26.7044
49,49.8393,29.9602
49,59.8534,-1.78043
49,54.9965,-1.40035
49,65.3527,-1.31044
49,26.8205,44.6513
49,75.0158,1.13822
49,30.5182,46.5731
49,25.0839,48.8409
49,28.5417,51.8727
49,78.6167,10.9315
49,80.4361,15.5035
49,82.6295,20.1033
49,84.5258,23.538
49,28.2491,56.9103
49,24.2438,55.3671
49,30.4256,65.4337
49,33.6888,69.1398
49,28.7149,61.6141
49,24.4801,60.7007
49,37.006,71.8922
49,28.3375,69.2759
49,25.8955,65.3983
49,41.1634,74.789
49,32.0806,73.1525
49,35.7714,76.0154
49,40.3987,79.0337
49,45.1294,77.3236
49,49.2362,80.0059
49,44.7376,81.743
49,53.2409,82.9459
49,49.0707,84.7456
49,53.2009,88.0711
49,56.4224,85.4449
49,56.6375,90.7564
49,61.0952,88.8573
49,64.9886,91.0792
49,62.0432,94.1119
49,69.2827,92.6945
49,66.5937,95.9307
49,74.1138,94.0478
49,71.3492,97.2866
49,78.1869,95.5363
49,76.3332,99.2395
49,83.3432,98.3549
49,80.4776,101.334
49,86.7901,100.515
49,86.0222,104.633
49,91.0854,102.892
49,89.9005,106.757
49,95.4982,104.273
49,94.8711,108.257
49,100.254,103.726
49,103.891,101.469
49,99.7971,108.033
49,104.62,105.896
49,110.889,94.1165
49,107.873,97.5661
49,108.325,102.871
49,113.815,89.9982
49,112.419,98.5576
49,115.443,94.7335
49,115.793,86.1766
49,118.347,90.0335
49,120.21,85.7474
49,117.18,81.3714
49,117.287,76.634
49,121.331,80.4637
49,116.353,71.8644
49,121.198,75.326
50,106.988,101.308
50,39.0847,44.1636
50,51.6497,39.253
50,45.1556,18.9554
50,46.592,9.72022
50,44.8384,14.47
50,44.8459,14.4336
50,49.445,5.89453
50,48.1323,22.3458
50,43.0622,43.7892
50,48.2267,42.146
50,53.2023,3.37033
50,53.9207,34.6218
50,52.4369,26.2875
50,54.0529,29.7122
50,62.8419,2.39906
50,58.1451,2.2115
50,67.954,3.17469
50,34.0935,44.6235
50,75.8414,6.74072
50,72.4775,4.37648
50,70.665,-0.382911
50,30.82,41.5698
50,46.0389,3.72922
50,42.6423,22.4161
50,41.006,13.0122
50,43.0162,7.94018
50,40.655,18.1187
50,40.996,13.052
50,40.9385,39.9575
50,45.7956,38.8723
50,35.0015,40.5396
50,49.9224,0.585488
50,49.5339,35.11
50,47.3223,26.7044
50,49.8393,29.9602
50,59.8534,-1.78043
50,54.9965,-1.40035
50,65.3527,-1.31044
50,26.8205,44.6513
50,75.0158,1.13822
50,30.5182,46.5731
50,25.0839,48.8409
50,28.5417,51.8727
50,78.6167,10.9315
50,80.4361,15.5035
50,82.6295,20.1033
50,84.5258,23.538
50,28.2491,56.9103
50,24.2438,55.3671
50,30.4256,65.4337
50,33.6888,69.1398
50,28.7149,61.6141
50,24.4801,60.7007
50,37.006,71.8922
50,28.3375,69.2759
50,25.8955,65.3983
50,41.1634,74.789
50,32.0806,73.1525
50,35.7714,76.0154
50,40.3987,79.0337
50,45.1294,77.3236
50,49.2362,80.0059
50,44.7376,81.743
50,53.2409,82.9459
50,49.0707,84.7456
50,53.2009,88.0711
50,56.4224,85.4449
50,56.6375,90.7564
50,61.0952,88.8573
50,64.9886,91.0792
50,62.0432,94.1119
50,69.2827,92.6945
50,66.5937,95.9307
50,74.1138,94.0478
50,71.3492,97.2866
50,78.1869,95.5363
50,76.3332,99.2395
50,83.3432,98.3549
50,80.4776,101.334
50,86.7901,100.515
50,86.0222,104.633
50,91.0854,102.892
50,89.9005,106.757
50,95.4982,104.273
50,94.8711,108.257
50,100.254,103.726
50,103.891,101.469
50,99.7971,108.033
50,104.62,105.896
50,110.889,94.1165
50,107.873,97.5661
50,108.325,102.871
50,113.815,89.9982
50,112.419,98.5576
50,115.443,94.7335
50,115.793,86.1766
50,118.347,90.0335
50,120.21,85.7474
50,117.18,81.3714
50,117.287,76.634
50,121.331,80.4637
50,116.353,71.8644
50,121.198,75.326
50,114.804,67.7303
50,120.045,70.1959
51,114.334,92.8494
51,39.0847,44.1636
51,51.6497,39.253
51,45.1556,18.9554
51,46.592,9.72022
51,44.8384,14.47
51,44.8459,14.4336
51,49.445,5.89453
51,48.1323,22.3458
51,43.0622,43.7892
51,48.2267,42.146
51,53.2023,3.37033
51,53.9207,34.6218
51,52.4369,26.2875
51,54.0529,29.7122
51,62.8419,2.39906
51,58.1451,2.2115
51,67.954,3.17469
51,34.0935,44.6235
51,75.8414,6.74072
51,72.4775,4.37648
51,70.665,-0.382911
51,30.82,41.5698
51,46.0389,3.72922
51,42.6423,22.4161
51,41.006,13.0122
51,43.0162,7.94018
51,40.655,18.1187
51,40.996,13.052
51,40.9385,39.9575
51,45.7956,38.8723
51,35.0015,40.5396
51,49.9224,0.585488
51,49.5339,35.11
51,47.3223,26.7044
51,49.8393,29.9602
51,59.8534,-1.78043
51,54.9965,-1.40035
51,65.3527,-1.31044
51,26.8205,44.6513
51,75.0158,1.13822
51,30.5182,46.5731
51,25.0839,48.8409
51,28.5417,51.8727
51,78.6167,10.9315
51,80.4361,15.5035
51,82.6295,20.1033
51,84.5258,23.538
51,28.2491,56.9103
51,24.2438,55.3671
51,30.4256,65.4337
51,33.6888,69.1398
51,28.7149,61.6141
51,24.4801,60.7007
51,37.006,71.8922
51,28.3375,69.2759
51,25.8955,65.3983
51,41.1634,74.789
51,32.0806,73.1525
51,35.7714,76.0154
51,40.3987,79.0337
51,45.1294,77.3236
51,49.2362,80.0059
51,44.7376,81.743
51,53.2409,82.9459
51,49.0707,84.7456
51,53.2009,88.0711
51,56.4224,85.4449
51,56.6375,90.7564
51,61.0952,88.8573
51,64.9886,91.0792
51,62.0432,94.1119
51,69.2827,92.6945
51,66.5937,95.9307
51,74.1138,94.0478
51,71.3492,97.2866
51,78.1869,95.5363
51,76.3332,99.2395
51,83.3432,98.3549
51,80.4776,101.334
51,86.7901,100.515
51,86.0222,104.633
51,91.0854,102.892
51,89.9005,106.757
51,95.4982,104.273
51,94.8711,108.257
51,100.254,103.726
51,103.891,101.469
51,99.7971,108.033
51,104.62,105.896
51,110.889,94.1165
51,107.873,97.5661
51,108.325,102.871
51,113.815,89.9982
51,112.419,98.5576
51,115.443,94.7335
51,115.793,86.1766
51,118.347,90.0335
51,120.21,85.7474
51,117.18,81.3714
51,117.287,76.634
51,121.331,80.4637
51,116.353,71.8644
51,121.198,75.326
51,114.804,67.7303
51,120.045,70.1959
51,109.671,58.9892
51,112.332,63.0705
51,115.565,60.7421
51,118.288,65.7541
52,118.317,85.0323
52,39.0847,44.1636
52,51.6497,39.253
52,45.1556,18.9554
52,46.592,9.72022
52,44.8384,14.47
52,44.8459,14.4336
52,49.445,5.89453
52,48.1323,22.3458
52,43.0622,43.7892
52,48.2267,42.146
52,53.2023,3.37033
52,53.9207,34.6218
52,52.4369,26.2875
52,54.0529,29.7122
52,62.8419,2.39906
52,58.1451,2.2115
52,67.954,3.17469
52,34.0935,44.6235
52,75.8414,6.74072
52,72.4775,4.37648
52,70.665,-0.382911
52,30.82,41.5698
52,46.0389,3.72922
52,42.6423,22.4161
52,41.006,13.0122
52,43.0162,7.94018
52,40.655,18.1187
52,40.996,13.052
52,40.9385,39.9575
52,45.7956,38.8723
52,35.0015,40.5396
52,49.9224,0.585488
52,49.5339,35.11
52,47.3223,26.7044
52,49.8393,29.9602
52,59.8534,-1.78043
52,54.9965,-1.40035
52,65.3527,-1.31044
52,26.8205,44.6513
52,75.0158,1.13822
52,30.5182,46.5731
52,25.0839,48.8409
52,28.5417,51.8727
52,78.6167,10.9315
52,80.4361,15.5035
52,82.6295,20.1033
52,84.5258,23.538
52,28.2491,56.9103
52,24.2438,55.3671
52,30.4256,65.4337
52,33.6888,69.1398
52,28.7149,61.6141
52,24.4801,60.7007
52,37.006,71.8922
52,28.3375,69.2759
52,25.8955,65.3983
52,41.1634,74.789
52,32.0806,73.1525
52,35.7714,76.0154
52,40.3987,79.0337
52,45.1294,77.3236
52,49.2362,80.0059
52,44.7376,81.743
52,53.2409,82.9459
52,49.0707,84.7456
52,53.2009,88.0711
52,56.4224,85.4449
52,56.6375,90.7564
52,61.0952,88.8573
52,64.9886,91.0792
52,62.0432,94.1119
52,69.2827,92.6945
52,66.5937,95.9307
52,74.1138,94.0478
52,71.3492,97.2866
52,78.1869,95.5363
52,76.3332,99.2395
52,83.3432,98.3549
52,80.4776,101.334
52,86.7901,100.515
52,86.0222,104.633
52,91.0854,102.892
52,89.9005,106.757
52,95.4982,104.273
52,94.8711,108.257
52,100.254,103.726
52,103.891,101.469
52,99.7971,108.033
52,104.62,105.896
52,110.889,94.1165
52,107.873,97.5661
52,108.325,102.871
52,113.815,89.9982
52,112.419,98.5576
52,115.443,94.7335
52,115.793,86.1766
52,118.347,90.0335
52,120.21,85.7474
52,117.18,81.3714
52,117.287,76.634
52,121.331,80.4637
52,116.353,71.8644
52,121.198,75.326
52,114.804,67.7303
52,120.045,70.1959
52,109.671,58.9892
52,112.332,63.0705
52,115.565,60.7421
52,118.288,65.7541
52,106.992,55.2622
52,109.785,52.3245
52,112.674,56.3459
53,119.399,77.6346
53,39.0847,44.1636
53,51.6497,39.253
53,45.1556,18.9554
53,46.592,9.72022
53,44.8384,14.47
53,44.8459,14.4336
53,49.445,5.89453
53,48.1323,22.3458
53,43.0622,43.7892
53,48.2267,42.146
53,53.2023,3.37033
53,53.9207,34.6218
53,52.4369,26.2875
53,54.0529,29.7122
53,62.8419,2.39906
53,58.1451,2.2115
53,67.954,3.17469
53,34.0935,44.6235
53,75.8414,6.74072
53,72.4775,4.37648
53,70.665,-0.382911
53,30.82,41.5698
53,46.0389,3.72922
53,42.6423,22.4161
53,41.006,13.0122
53,43.0162,7.94018
53,40.655,18.1187
53,40.996,13.052
53,40.9385,39.9575
53,45.7956,38.8723
53,35.0015,40.5396
53,49.9224,0.585488
53,49.5339,35.11
53,47.3223,26.7044
53,49.8393,29.9602
53,59.8534,-1.78043
53,54.9965,-1.40035
53,65.3527,-1.31044
53,26.8205,44.6513
53,75.0158,1.13822
53,30.5182,46.5731
53,25.0839,48.8409
53,28.5417,51.8727
53,78.6167,10.9315
53,80.4361,15.5035
53,82.6295,20.1033
53,84.5258,23.538
53,28.2491,56.9103
53,24.2438,55.3671
53,30.4256,65.4337
53,33.6888,69.1398
53,28.7149,61.6141
53,24.4801,60.7007
53,37.006,71.8922
53,28.3375,69.2759
53,25.8955,65.3983
53,41.1634,74.789
53,32.0806,73.1525
53,35.7714,76.0154
53,40.3987,79.0337
53,45.1294,77.3236
53,49.2362,80.0059
53,44.7376,81.743
53,53.2409,82.9459
53,49.0707,84.7456
53,53.2009,88.0711
53,56.4224,85.4449
53,56.6375,90.7564
53,61.0952,88.8573
53,64.9886,91.0792
53,62.0432,94.1119
53,69.2827,92.6945
53,66.5937,95.9307
53,74.1138,94.0478
53,71.3492,97.2866
53,78.1869,95.5363
53,76.3332,99.2395
53,83.3432,98.3549
53,80.4776,101.334
53,86.7901,100.515
53,86.0222,104.633
53,91.0854,102.892
53,89.9005,106.757
53,95.4982,104.273
53,94.8711,108.257
53,100.254,103.726
53,103.891,101.469
53,99.7971,108.033
53,104.62,105.896
53,110.889,94.1165
53,107.873,97.5661
53,108.325,102.871
53,113.815,89.9982
53,112.419,98.5576
53,115.443,94.7335
53,115.793,86.1766
53,118.347,90.0335
53,120.21,85.7474
53,117.18,81.3714
53,117.287,76.634
53,121.331,80.4637
53,116.353,71.8644
53,121.198,75.326
53,114.804,67.7303
53,120.045,70.1959
53,109.671,58.9892
53,112.332,63.0705
53,115.565,60.7421
53,118.288,65.7541
53,106.992,55.2622
53,109.785,52.3245
53,112.674,56.3459
53,104.122,51.423
53,101.518,48.002
53,106.69,48.1738
54,118.037,70.4345
54,39.0847,44.1636
54,51.6497,39.253
54,45.1556,18.9554
54,46.592,9.72022
54,44.8384,14.47
54,44.8459,14.4336
54,49.445,5.89453
54,48.1323,22.3458
54,43.0622,43.7892
54,48.2267,42.146
54,53.2023,3.37033
54,53.9207,34.6218
54,52.4369,26.2875
54,54.0529,29.7122
54,62.8419,2.39906
54,58.1451,2.2115
54,67.954,3.17469
54,34.0935,44.6235
54,75.8414,6.74072
54,72.4775,4.37648
54,70.665,-0.382911
54,30.82,41.5698
54,46.0389,3.72922
54,42.6423,22.4161
54,41.006,13.0122
54,43.0162,7.94018
54,40.655,18.1187
54,40.996,13.052
54,40.9385,39.9575
54,45.7956,38.8723
54,35.0015,40.5396
54,49.9224,0.585488
54,49.5339,35.11
54,47.3223,26.7044
54,49.8393,29.9602
54,59.8534,-1.78043
54,54.9965,-1.40035
54,65.3527,-1.31044
54,26.8205,44.6513
54,75.0158,1.13822
54,30.5182,46.5731
54,25.0839,48.8409
54,28.5417,51.8727
54,78.6167,10.9315
54,80.4361,15.5035
54,82.6295,20.1033
54,84.5258,23.538
54,28.2491,56.9103
54,24.2438,55.3671
54,30.4256,65.4337
54,33.6888,69.1398
54,28.7149,61.6141
54,24.4801,60.7007
54,37.006,71.8922
54,28.3375,69.2759
54,25.8955,65.3983
54,41.1634,74.789
54,32.0806,73.1525
54,35.7714,76.0154
54,40.3987,79.0337
54,45.1294,77.3236
54,49.2362,80.0059
54,44.7376,81.743
54,53.2409,82.9459
54,49.0707,84.7456
54,53.2009,88.0711
54,56.4224,85.4449
54,56.6375,90.7564
54,61.0952,88.8573
54,64.9886,91.0792
54,62.0432,94.1119
54,69.2827,92.6945
54,66.5937,95.9307
54,74.1138,94.0478
54,71.3492,97.2866
54,78.1869,95.5363
54,76.3332,99.2395
54,83.3432,98.3549
54,80.4776,101.334
54,86.7901,100.515
54,86.0222,104.633
54,91.0854,102.892
54,89.9005,106.757
54,95.4982,104.273
54,94.8711,108.257
54,100.254,103.726
54,103.891,101.469
54,99.7971,108.033
54,104.62,105.896
54,110.889,94.1165
54,107.873,97.5661
54,108.325,102.871
54,113.815,89.9982
54,112.419,98.5576
54,115.443,94.7335
54,115.793,86.1766
54,118.347,90.0335
54,120.21,85.7474
54,117.18,81.3714
54,117.287,76.634
54,121.331,80.4637
54,116.353,71.8644
54,121.198,75.326
54,114.804,67.7303
54,120.045,70.1959
54,109.671,58.9892
54,112.332,63.0705
54,115.565,60.7421
54,118.288,65.7541
54,106.992,55.2622
54,109.785,52.3245
54,112.674,56.3459
54,104.122,51.423
54,101.518,48.002
54,106.69,48.1738
54,97.9593,43.3284
54,103.878,44.4671
55,114.692,63.2104
55,39.0847,44.1636
55,51.6497,39.253
55,45.1556,18.9554
55,46.592,9.72022
55,44.8384,14.47
55,44.8459,14.4336
55,49.445,5.89453
55,48.1323,22.3458
55,43.0622,43.7892
55,48.2267,42.146
55,53.2023,3.37033
55,53.9207,34.6218
55,52.4369,26.2875
55,54.0529,29.7122
55,62.8419,2.39906
55,58.1451,2.2115
55,67.954,3.17469
55,34.0935,44.6235
55,75.8414,6.74072
55,72.4775,4.37648
55,70.665,-0.382911
55,30.82,41.5698
55,46.0389,3.72922
55,42.6423,22.4161
55,41.006,13.0122
55,43.0162,7.94018
55,40.655,18.1187
55,40.996,13.052
55,40.9385,39.9575
55,45.7956,38.8723
55,35.0015,40.5396
55,49.9224,0.585488
55,49.5339,35.11
55,47.3223,26.7044
55,49.8393,29.9602
55,59.8534,-1.78043
55,54.9965,-1.40035
55,65.3527,-1.31044
55,26.8205,44.6513
55,75.0158,1.13822
55,30.5182,46.5731
55,25.0839,48.8409
55,28.5417,51.8727
55,78.6167,10.9315
55,80.4361,15.5035
55,82.6295,20.1033
55,84.5258,23.538
55,28.2491,56.9103
55,24.2438,55.3671
55,30.4256,65.4337
55,33.6888,69.1398
55,28.7149,61.6141
55,24.4801,60.7007
55,37.006,71.8922
55,28.3375,69.2759
55,25.8955,65.3983
55,41.1634,74.789
55,32.0806,73.1525
55,35.7714,76.0154
55,40.3987,79.0337
55,45.1294,77.3236
55,49.2362,80.0059
55,44.7376,81.743
55,53.2409,82.9459
55,49.0707,84.7456
55,53.2009,88.0711
55,56.4224,85.4449
55,56.6375,90.7564
55,61.0952,88.8573
55,64.9886,91.0792
55,62.0432,94.1119
55,69.2827,92.6945
55,66.5937,95.9307
55,74.1138,94.0478
55,71.3492,97.2866
55,78.1869,95.5363
55,76.3332,99.2395
55,83.3432,98.3549
55,80.4776,101.334
55,86.7901,100.515
55,86.0222,104.633
55,91.0854,102.892
55,89.9005,106.757
55,95.4982,104.273
55,94.8711,108.257
55,100.254,103.726
55,103.891,101.469
55,99.7971,108.033
55,104.62,105.896
55,110.889,94.1165
55,107.873,97.5661
55,108.325,102.871
55,113.815,89.9982
55,112.419,98.5576
55,115.443,94.7335
55,115.793,86.1766
55,118.347,90.0335
55,120.21,85.7474
55,117.18,81.3714
55,117.287,76.634
55,121.331,80.4637
55,116.353,71.8644
55,121.198,75.326
55,114.804,67.7303
55,120.045,70.1959
55,109.671,58.9892
55,112.332,63.0705
55,115.565,60.7421
55,118.288,65.7541
55,106.992,55.2622
55,109.785,52.3245
55,112.674,56.3459
55,104.122,51.423
55,101.518,48.002
55,106.69,48.1738
55,97.9593,43.3284
55,103.878,44.4671
55,92.6479,36.0965
55,95.2215,39.6603
55,97.0672,35.3942
55,100.03,39.3897
56,109.822,55.7405
56,39.0847,44.1636
56,51.6497,39.253
56,45.1556,18.9554
56,46.592,9.72022
56,44.8384,14.47
56,44.8459,14.4336
56,49.445,5.89453
56,48.1323,22.3458
56,43.0622,43.7892
56,48.2267,42.146
56,53.2023,3.37033
56,53.9207,34.6218
56,52.4369,26.2875
56,54.0529,29.7122
56,62.8419,2.39906
56,58.1451,2.2115
56,67.954,3.17469
56,34.0935,44.6235
56,75.8414,6.74072
56,72.4775,4.37648
56,70.665,-0.382911
56,30.82,41.5698
56,46.0389,3.72922
56,42.6423,22.4161
56,41.006,13.0122
56,43.0162,7.94018
56,40.655,18.1187
56,40.996,13.052
56,40.9385,39.9575
56,45.7956,38.8723
56,35.0015,40.5396
56,49.9224,0.585488
56,49.5339,35.11
56,47.3223,26.7044
56,49.8393,29.9602
56,59.8534,-1.78043
56,54.9965,-1.40035
56,65.3527,-1.31044
56,26.8205,44.6513
56,75.0158,1.13822
56,30.5182,46.5731
56,25.0839,48.8409
56,28.5417,51.8727
56,78.6167,10.9315
56,80.4361,15.5035
56,82.6295,20.1033
56,84.5258,23.538
56,28.2491,56.9103
56,24.2438,55.3671
56,30.4256,65.4337
56,33.6888,69.1398
56,28.7149,61.6141
56,24.4801,60.7007
56,37.006,71.8922
56,28.3375,69.2759
56,25.8955,65.3983
56,41.1634,74.789
56,32.0806,73.1525
56,35.7714,76.0154
56,40.3987,79.0337
56,45.1294,77.3236
56,49.2362,80.0059
56,44.7376,81.743
56,53.2409,82.9459
56,49.0707,84.7456
56,53.2009,88.0711
56,56.4224,85.4449
56,56.6375,90.7564
56,61.0952,88.8573
56,64.9886,91.0792
56,62.0432,94.1119
56,69.2827,92.6945
56,66.5937,95.9307
56,74.1138,94.0478
56,71.3492,97.2866
56,78.1869,95.5363
56,76.3332,99.2395
56,83.3432,98.3549
56,80.4776,101.334
56,86.7901,100.515
56,86.0222,104.633
56,91.0854,102.892
56,89.9005,106.757
56,95.4982,104.273
56,94.8711,108.257
56,100.254,103.726
56,103.891,101.469
56,99.7971,108.033
56,104.62,105.896
56,110.889,94.1165
56,107.873,97.5661
56,108.325,102.871
56,113.815,89.9982
56,112.419,98.5576
56,115.443,94.7335
56,115.793,86.1766
56,118.347,90.0335
56,120.21,85.7474
56,117.18,81.3714
56,117.287,76.634
56,121.331,80.4637
56,116.353,71.8644
56,121.198,75.326
56,114.804,67.7303
56,120.045,70.1959
56,109.671,58.9892
56,112.332,63.0705
56,115.565,60.7421
56,118.288,65.7541
56,106.992,55.2622
56,109.785,52.3245
56,112.674,56.3459
56,104.122,51.423
56,101.518,48.002
56,106.69,48.1738
56,97.9593,43.3284
56,103.878,44.4671
56,92.6479,36.0965
56,95.2215,39.6603
56,97.0672,35.3942
56,100.03,39.3897
56,89.8676,32.0699
56,91.3567,27.1208
56,94.2986,31.512
57,103.887,47.803
57,39.0847,44.1636
57,51.6497,39.253
57,45.1556,18.9554
57,46.592,9.72022
57,44.8384,14.47
57,44.8459,14.4336
57,49.445,5.89453
57,48.1323,22.3458
57,43.0622,43.7892
57,48.2267,42.146
57,53.2023,3.37033
57,53.9207,34.6218
57,52.4369,26.2875
57,54.0529,29.7122
57,62.8419,2.39906
57,58.1451,2.2115
57,67.954,3.17469
57,34.0935,44.6235
57,75.8414,6.74072
57,72.4775,4.37648
57,70.665,-0.382911
57,30.82,41.5698
57,46.0389,3.72922
57,42.6423,22.4161
57,41.006,13.0122
57,43.0162,7.94018
57,40.655,18.1187
57,40.996,13.052
57,40.9385,39.9575
57,45.7956,38.8723
57,35.0015,40.5396
57,49.9224,0.585488
57,49.5339,35.11
57,47.3223,26.7044
57,49.8393,29.9602
57,59.8534,-1.78043
57,54.9965,-1.40035
57,65.3527,-1.31044
57,26.8205,44.6513
57,75.0158,1.13822
57,30.5182,46.5731
57,25.0839,48.8409
57,28.5417,51.8727
57,78.6167,10.9315
57,80.4361,15.5035
57,82.6295,20.1033
57,84.5258,23.538
57,28.2491,56.9103
57,24.2438,55.3671
57,30.4256,65.4337
57,33.6888,69.1398
57,28.7149,61.6141
57,24.4801,60.7007
57,37.006,71.8922
57,28.3375,69.2759
57,25.8955,65.3983
57,41.1634,74.789
57,32.0806,73.1525
57,35.7714,76.0154
57,40.3987,79.0337
57,45.1294,77.3236
57,49.2362,80.0059
57,44.7376,81.743
57,53.2409,82.9459
57,49.0707,84.7456
57,53.2009,88.0711
57,56.4224,85.4449
57,56.6375,90.7564
57,61.0952,88.8573
57,64.9886,91.0792
57,62.0432,94.1119
57,69.2827,92.6945
57,66.5937,95.9307
57,74.1138,94.0478
57,71.3492,97.2866
57,78.1869,95.5363
57,76.3332,99.2395
57,83.3432,98.3549
57,80.4776,101.334
57,86.7901,100.515
57,86.0222,104.633
57,91.0854,102.892
57,89.9005,106.757
57,95.4982,104.273
57,94.8711,108.257
57,100.254,103.726
57,103.891,101.469
57,99.7971,108.033
57,104.62,105.896
57,110.889,94.1165
57,107.873,97.5661
57,108.325,102.871
57,113.815,89.9982
57,112.419,98.5576
57,115.443,94.7335
57,115.793,86.1766
57,118.347,90.0335
57,120.21,85.7474
57,117.18,81.3714
57,117.287,76.634
57,121.331,80.4637
57,116.353,71.8644
57,121.198,75.326
57,114.804,67.7303
57,120.045,70.1959
57,109.671,58.9892
57,112.332,63.0705
57,115.565,60.7421
57,118.288,65.7541
57,106.992,55.2622
57,109.785,52.3245
57,112.674,56.3459
57,104.122,51.423
57,101.518,48.002
57,106.69,48.1738
57,97.9593,43.3284
57,103.878,44.4671
57,92.6479,36.0965
57,95.2215,39.6603
57,97.0672,35.3942
57,100.03,39.3897
57,89.8676,32.0699
57,91.3567,27.1208
57,94.2986,31.512
57,87.2247,28.0102
57,85.9976,17.7523
57,88.644,22.6791
58,97.3455,39.1762
58,39.0847,44.1636
58,51.6497,39.253
58,45.1556,18.9554
58,46.592,9.72022
58,44.8384,14.47
58,44.8459,14.4336
58,49.445,5.89453
58,48.1323,22.3458
58,43.0622,43.7892
58,48.2267,42.146
58,53.2023,3.37033
58,53.9207,34.6218
58,52.4369,26.2875
58,54.0529,29.7122
58,62.8419,2.39906
58,58.1451,2.2115
58,67.954,3.17469
58,34.0935,44.6235
58,75.8414,6.74072
58,72.4775,4.37648
58,70.665,-0.382911
58,30.82,41.5698
58,46.0389,3.72922
58,42.6423,22.4161
58,41.006,13.0122
58,43.0162,7.94018
58,40.655,18.1187
58,40.996,13.052
58,40.9385,39.9575
58,45.7956,38.8723
58,35.0015,40.5396
58,49.9224,0.585488
58,49.5339,35.11
58,47.3223,26.7044
58,49.8393,29.9602
58,59.8534,-1.78043
58,54.9965,-1.40035
58,65.3527,-1.31044
58,26.8205,44.6513
58,75.0158,1.13822
58,30.5182,46.5731
58,25.0839,48.8409
58,28.5417,51.8727
58,78.6167,10.9315
58,80.4361,15.5035
58,82.6295,20.1033
58,84.5258,23.538
58,28.2491,56.9103
58,24.2438,55.3671
58,30.4256,65.4337
58,33.6888,69.1398
58,28.7149,61.6141
58,24.4801,60.7007
58,37.006,71.8922
58,28.3375,69.2759
58,25.8955,65.3983
58,41.1634,74.789
58,32.0806,73.1525
58,35.7714,76.0154
58,40.3987,79.0337
58,45.1294,77.3236
58,49.2362,80.0059
58,44.7376,81.743
58,53.2409,82.9459
58,49.0707,84.7456
58,53.2009,88.0711
58,56.4224,85.4449
58,56.6375,90.7564
58,61.0952,88.8573
58,64.9886,91.0792
58,62.0432,94.1119
58,69.2827,92.6945
58,66.5937,95.9307
58,74.1138,94.0478
58,71.3492,97.2866
58,78.1869,95.5363
58,76.3332,99.2395
58,83.3432,98.3549
58,80.4776,101.334
58,86.7901,100.515
58,86.0222,104.633
58,91.0854,102.892
58,89.9005,106.757
58,95.4982,104.273
58,94.8711,108.257
58,100.254,103.726
58,103.891,101.469
58,99.7971,108.033
58,104.62,105.896
58,110.889,94.1165
58,107.873,97.5661
58,108.325,102.871
58,113.815,89.9982
58,112.419,98.5576
58,115.443,94.7335
58,115.793,86.1766
58,118.347,90.0335
58,120.21,85.7474
58,117.18,81.3714
58,117.287,76.634
58,121.331,80.4637
58,116.353,71.8644
58,121.198,75.326
58,114.804,67.7303
58,120.045,70.1959
58,109.671,58.9892
58,112.332,63.0705
58,115.565,60.7421
58,118.288,65.7541
58,106.992,55.2622
58,109.785,52.3245
58,112.674,56.3459
58,104.122,51.423
58,101.518,48.002
58,106.69,48.1738
58,97.9593,43.3284
58,103.878,44.4671
58,92.6479,36.0965
58,95.2215,39.6603
58,97.0672,35.3942
58,100.03,39.3897
58,89.8676,32.0699
58,91.3567,27.1208
58,94.2986,31.512
58,87.2247,28.0102
58,85.9976,17.7523
58,88.644,22.6791
58,81.8329,8.73005
58,84.163,13.9022
